68
69
64
66
70
72
80
94
65
67
71
73
1784
81
95
62
82
96
98
74
1786
75
76
1785
83
97
99
63
78
91
100
118
77
1787
84
85
1790
86
1792
102
103
1798
101
104
1802
87
88
1791
119
79
90
93
120
122
89
1782
1783
1793
105
106
1799
107
1788
1795
1803
108
109
1800
110
1780
1804
111
112
1801
121
123
92
115
124
142
113
1781
1789
1797
1805
126
127
1810
125
128
1814
129
130
1811
143
4
114
117
144
146
5
131
1807
1815
132
133
1812
134
1816
135
136
1813
145
147
2
6
18
116
139
148
473
3
7
19
137
1809
1817
150
151
1822
149
152
1826
8
9
1752
474
0
20
22
138
141
166
475
477
10
1754
153
154
1823
21
23
155
1794
1819
1827
156
157
1824
158
1806
1828
11
12
1753
167
476
478
1
15
24
42
140
168
170
466
479
481
521
13
1751
1755
26
27
1760
25
28
1764
159
160
1825
43
161
1796
1808
1821
1829
489
490
1988
169
171
480
482
491
1996
29
30
1761
522
14
17
44
46
163
172
190
465
468
483
485
523
529
31
1757
1765
32
33
1762
34
1749
1766
174
175
1834
45
47
173
176
1838
492
493
1989
191
484
486
494
1981
1997
495
496
1990
497
1998
35
36
1763
524
530
16
39
48
162
165
192
194
467
470
487
514
525
531
537
37
1750
1759
1767
50
51
1772
49
52
1776
177
178
1835
179
1831
1839
180
181
1836
182
1840
498
499
1991
193
195
488
500
1983
1999
501
502
1992
503
2000
553
554
2012
526
532
538
555
2028
53
54
1773
38
41
164
187
196
214
469
472
516
527
533
539
545
55
1769
1777
56
57
1774
58
1756
1778
183
184
1837
185
1833
1841
198
199
1846
197
200
1850
504
505
1993
215
506
1985
2001
507
508
1994
509
2002
556
557
2013
528
534
540
546
558
2029
565
566
2016
567
2032
59
60
1775
40
186
189
216
218
471
518
535
541
547
609
61
1758
1771
1779
201
202
1847
203
1768
1843
1851
204
205
1848
206
1830
1852
510
511
1995
217
219
512
1987
2003
559
560
2014
536
542
548
561
2030
568
569
2017
570
2033
577
578
2020
579
2036
207
208
1849
610
188
211
220
238
513
520
543
549
611
617
209
1770
1832
1845
1853
222
223
1858
221
224
1862
562
563
2015
239
544
550
564
2005
2031
571
572
2018
573
2034
580
581
2021
582
2037
589
590
2024
591
1980
2040
225
226
1859
612
618
210
213
240
242
515
551
602
613
619
625
227
1855
1863
228
229
1860
230
1842
1864
574
575
2019
241
243
552
576
2007
2035
583
584
2022
585
2038
592
593
2025
594
1982
2041
641
642
2052
614
620
626
643
2068
231
232
1861
212
235
244
262
517
604
615
621
627
633
233
1844
1857
1865
246
247
1870
245
248
1874
586
587
2023
263
588
2009
2039
595
596
2026
597
1984
2042
644
645
2053
616
622
628
634
646
2069
653
654
2056
655
2072
249
250
1871
234
237
264
266
519
606
623
629
635
697
251
1867
1875
252
253
1872
254
1854
1876
598
599
2027
265
267
600
1986
2011
2043
647
648
2054
624
630
636
649
2070
656
657
2057
658
2073
665
666
2060
667
2076
255
256
1873
698
236
259
268
329
601
608
631
637
699
705
257
1856
1869
1877
270
271
1882
269
272
1886
650
651
2055
330
632
638
652
2045
2071
659
660
2058
661
2074
668
669
2061
670
2077
677
678
2064
679
2080
273
274
1883
700
706
258
261
331
333
603
639
690
701
707
713
275
1879
1887
276
277
1884
278
1866
1888
662
663
2059
332
334
640
664
2047
2075
671
672
2062
673
2078
680
681
2065
682
2081
729
730
2092
702
708
714
731
2108
279
280
1885
260
322
335
337
605
692
703
709
715
721
893
281
1868
1881
1889
345
346
1916
336
338
347
1924
674
675
2063
676
2049
2079
683
684
2066
685
2082
732
733
2093
704
710
716
722
734
2109
741
742
2096
743
2112
348
349
1917
894
321
324
339
341
607
694
711
717
723
778
802
826
850
895
901
340
342
350
1909
1925
351
352
1918
353
1926
686
687
2067
688
2051
2083
735
736
2094
712
718
724
737
2110
744
745
2097
746
2113
753
754
2100
755
2116
354
355
1919
779
803
827
851
896
902
323
326
343
689
696
719
725
784
808
832
856
886
897
903
909
344
356
1911
1927
357
358
1920
359
1928
738
739
2095
720
726
740
1908
2085
2111
747
748
2098
749
2114
756
757
2101
758
2117
765
766
2104
767
2044
2120
925
926
2188
785
809
833
857
898
904
910
927
2204
360
361
1921
325
328
691
727
777
790
801
814
825
838
849
862
888
899
905
911
917
362
1913
1929
363
364
1922
365
1930
750
751
2099
728
752
1910
2087
2115
759
760
2102
761
2118
768
769
2105
770
2046
2121
780
781
2125
782
2126
804
805
2137
791
806
2138
828
829
2149
815
830
2150
852
853
2161
839
854
2084
2162
928
929
2189
863
900
906
912
918
930
2205
937
938
2192
939
2208
366
367
1923
327
693
783
796
807
820
831
844
855
868
873
874
890
907
913
919
981
368
1915
1931
762
763
2103
764
1912
2089
2119
771
772
2106
773
2048
2122
786
787
2128
788
2129
810
811
2140
797
812
2141
834
835
2152
821
836
2153
858
859
2164
845
860
2086
2165
931
932
2190
869
875
2124
2136
2148
2160
2173
908
914
920
933
2206
940
941
2193
942
2209
949
950
2196
951
2212
774
775
2107
982
377
695
789
813
837
861
876
877
885
892
915
921
983
989
378
776
1914
2050
2091
2123
792
793
2131
794
2132
816
817
2143
818
2144
840
841
2155
842
2156
864
865
2167
866
2088
2168
934
935
2191
878
2127
2139
2151
2163
2175
916
922
936
2172
2181
2207
943
944
2194
945
2210
952
953
2197
954
2213
961
962
2200
963
2004
2216
798
799
2134
984
990
379
381
795
819
843
867
879
880
887
923
974
985
991
997
380
382
800
2135
822
823
2146
824
2147
846
847
2158
848
2159
870
871
2170
872
2090
2171
946
947
2195
881
2130
2142
2154
2166
2177
924
948
2174
2183
2211
955
956
2198
957
2214
964
965
2201
966
2006
2217
1013
1014
2228
986
992
998
1015
2244
393
394
1940
370
383
385
882
883
889
976
987
993
999
1005
384
386
395
1948
958
959
2199
884
2133
2145
2157
2169
2179
960
2176
2185
2215
967
968
2202
969
2008
2218
1016
1017
2229
988
994
1000
1006
1018
2245
1025
1026
2232
1027
2248
396
397
1941
369
372
387
389
891
978
995
1001
1007
1062
1086
1110
1134
388
390
398
1933
1949
399
400
1942
401
1950
970
971
2203
972
2010
2178
2187
2219
1019
1020
2230
996
1002
1008
1021
2246
1028
1029
2233
1030
2249
1037
1038
2236
1039
2252
402
403
1943
1063
1087
1111
1135
371
374
391
973
980
1003
1009
1068
1092
1116
1140
1177
392
404
1935
1951
405
406
1944
407
1952
1022
1023
2231
1004
1010
1024
1932
2221
2247
1031
1032
2234
1033
2250
1040
1041
2237
1042
2253
1049
1050
2240
1051
2180
2256
408
409
1945
1069
1093
1117
1141
1178
373
376
975
1011
1061
1074
1085
1098
1109
1122
1133
1146
1179
1181
410
1937
1953
411
412
1946
413
1954
1034
1035
2235
1012
1036
1934
2223
2251
1043
1044
2238
1045
2254
1052
1053
2241
1054
2182
2257
1064
1065
2261
1066
2262
1088
1089
2273
1075
1090
2274
1112
1113
2285
1099
1114
2286
1136
1137
2297
1123
1138
2220
2298
414
415
1947
1147
1180
1182
375
977
1067
1080
1091
1104
1115
1128
1139
1152
1157
1158
1170
1183
1185
1225
416
1939
1955
1046
1047
2239
1048
1936
2225
2255
1055
1056
2242
1057
2184
2258
1070
1071
2264
1072
2265
1094
1095
2276
1081
1096
2277
1118
1119
2288
1105
1120
2289
1142
1143
2300
1129
1144
2222
2301
1193
1194
2324
1153
1159
2260
2272
2284
2296
2309
1184
1186
1195
2332
1058
1059
2243
1226
979
1073
1097
1121
1145
1160
1161
1169
1172
1187
1189
1227
1233
1060
1938
2186
2227
2259
1076
1077
2267
1078
2268
1100
1101
2279
1102
2280
1124
1125
2291
1126
2292
1148
1149
2303
1150
2224
2304
1196
1197
2325
1162
2263
2275
2287
2299
2311
1188
1190
1198
2308
2317
2333
1199
1200
2326
1201
2334
1082
1083
2270
1228
1234
1079
1103
1127
1151
1163
1164
1171
1174
1191
1218
1229
1235
1241
1084
2271
1106
1107
2282
1108
2283
1130
1131
2294
1132
2295
1154
1155
2306
1156
2226
2307
1202
1203
2327
1165
2266
2278
2290
2302
2313
1192
1204
2310
2319
2335
1205
1206
2328
1207
2336
1257
1258
2348
1230
1236
1242
1259
2364
1208
1209
2329
1166
1167
1173
1176
1220
1231
1237
1243
1249
1168
2269
2281
2293
2305
2315
1210
2312
2321
2337
1211
1212
2330
1213
1818
2338
1260
1261
2349
1232
1238
1244
1250
1262
2365
1269
1270
2352
1271
2368
1214
1215
2331
1175
1222
1239
1245
1251
1313
1216
1820
2314
2323
2339
1263
1264
2350
1240
1246
1252
1265
2366
1272
1273
2353
1274
2369
1281
1282
2356
1283
2372
1266
1267
2351
1314
425
1217
1224
1247
1253
1315
1321
426
1248
1254
1268
2341
2367
1275
1276
2354
1277
2370
1284
1285
2357
1286
2373
1293
1294
2360
1295
2316
2376
1278
1279
2355
1316
1322
427
429
1219
1255
1306
1317
1323
1329
428
430
1256
1280
2343
2371
1287
1288
2358
1289
2374
1296
1297
2361
1298
2318
2377
1345
1346
2388
1318
1324
1330
1347
2404
441
442
1964
418
431
433
1221
1308
1319
1325
1331
1337
432
434
443
1972
1290
1291
2359
1292
2345
2375
1299
1300
2362
1301
2320
2378
1348
1349
2389
1320
1326
1332
1338
1350
2405
1357
1358
2392
1359
2408
444
445
1965
417
420
435
437
1223
1310
1327
1333
1339
1401
436
438
446
1957
1973
447
448
1966
449
1974
1302
1303
2363
1304
2322
2347
2379
1351
1352
2390
1328
1334
1340
1353
2406
1360
1361
2393
1362
2409
1369
1370
2396
1371
2412
450
451
1967
1402
419
422
439
1305
1312
1335
1341
1403
1409
440
452
1959
1975
453
454
1968
455
1976
1354
1355
2391
1336
1342
1356
1956
2381
2407
1363
1364
2394
1365
2410
1372
1373
2397
1374
2413
1381
1382
2400
1383
2340
2416
456
457
1969
1404
1410
421
424
1307
1343
1394
1405
1411
1417
458
1961
1977
459
460
1970
461
1978
1366
1367
2395
1344
1368
1958
2383
2411
1375
1376
2398
1377
2414
1384
1385
2401
1386
2342
2417
1433
1434
2428
1406
1412
1418
1435
2444
462
463
1971
423
1309
1396
1407
1413
1419
1425
464
1963
1979
1378
1379
2399
1380
1960
2385
2415
1387
1388
2402
1389
2344
2418
1436
1437
2429
1408
1414
1420
1426
1438
2445
1445
1446
2432
1447
2448
1390
1391
2403
1311
1398
1415
1421
1427
1489
1392
1962
2346
2387
2419
1439
1440
2430
1416
1422
1428
1441
2446
1448
1449
2433
1450
2449
1457
1458
2436
1459
2452
1442
1443
2431
1490
1393
1400
1423
1429
1491
1497
1424
1430
1444
2421
2447
1451
1452
2434
1453
2450
1460
1461
2437
1462
2453
1469
1470
2440
1471
2380
2456
1454
1455
2435
1492
1498
1395
1431
1482
1493
1499
1505
1432
1456
2423
2451
1463
1464
2438
1465
2454
1472
1473
2441
1474
2382
2457
1521
1522
2468
1494
1500
1506
1523
2484
1466
1467
2439
1397
1484
1495
1501
1507
1513
1468
2425
2455
1475
1476
2442
1477
2384
2458
1524
1525
2469
1496
1502
1508
1514
1526
2485
1533
1534
2472
1535
2488
1478
1479
2443
1399
1486
1503
1509
1515
1577
1480
2386
2427
2459
1527
1528
2470
1504
1510
1516
1529
2486
1536
1537
2473
1538
2489
1545
1546
2476
1547
2492
1530
1531
2471
1578
1481
1488
1511
1517
1579
1585
1512
1518
1532
2461
2487
1539
1540
2474
1541
2490
1548
1549
2477
1550
2493
1557
1558
2480
1559
2420
2496
1542
1543
2475
1580
1586
1483
1519
1570
1581
1587
1593
1520
1544
2463
2491
1551
1552
2478
1553
2494
1560
1561
2481
1562
2422
2497
1609
1610
2508
1582
1588
1594
1611
2524
1554
1555
2479
1485
1572
1583
1589
1595
1601
1556
2465
2495
1563
1564
2482
1565
2424
2498
1612
1613
2509
1584
1590
1596
1602
1614
2525
1621
1622
2512
1623
2528
1566
1567
2483
1487
1574
1591
1597
1603
1665
1673
1681
1689
1568
2426
2467
2499
1615
1616
2510
1592
1598
1604
1617
2526
1624
1625
2513
1626
2529
1633
1634
2516
1635
2532
1618
1619
2511
1666
1674
1682
1690
1569
1576
1599
1605
1667
1675
1683
1691
1600
1606
1620
2501
2527
1627
1628
2514
1629
2530
1636
1637
2517
1638
2533
1645
1646
2520
1647
2460
2536
1630
1631
2515
1668
1676
1684
1692
288
292
296
1571
1607
1658
1660
1662
1664
1669
1677
1685
1693
289
293
297
1608
1632
2503
2531
1639
1640
2518
1641
2534
1648
1649
2521
1650
2462
2537
1697
1698
2548
1670
1678
1686
1694
1699
2564
1709
1710
2552
1711
2568
1721
1722
2556
1723
2572
1733
1734
2560
1735
2500
2576
1642
1643
2519
290
294
298
1573
1671
1679
1687
1695
291
295
299
1644
2505
2535
1651
1652
2522
1653
2464
2538
1700
1701
2549
1672
1680
1688
1696
1702
2565
1712
1713
2553
1714
2569
1724
1725
2557
1726
2573
1736
1737
2561
1738
2502
2577
300
301
1896
283
285
287
1575
302
1902
306
307
1898
308
1904
312
313
1900
314
1878
1906
1654
1655
2523
1656
2466
2507
2539
1703
1704
2550
1705
2566
1715
1716
2554
1717
2570
1727
1728
2558
1729
2574
1739
1740
2562
1741
2504
2578
303
304
1897
282
284
286
1657
1659
1661
1663
305
1891
1903
309
310
1899
311
1893
1905
315
316
1901
317
1880
1895
1907
1706
1707
2551
1708
2541
2567
1718
1719
2555
1720
2543
2571
1730
1731
2559
1732
2545
2575
1742
1743
2563
1744
2506
2547
2579
318
1890
319
1892
320
1894
1745
2540
1746
2542
1747
2544
1748
2546
