812
1979
757
585
1904
2374
1527
4033
864
431
514
3598
1578
767
741
205
89
788
668
1175
538
831
2734
422
539
802
328
2177
1157
2165
1260
322
2355
1469
1394
4082
20
3285
715
3843
153
3320
174
578
694
223
939
2649
2472
2314
1106
281
842
2878
4116
2955
908
785
838
1992
1681
1988
3017
4485
1522
2092
228
915
352
318
371
583
2125
233
1984
1625
2088
1
711
3760
3912
128
1550
733
2192
784
666
58
1700
3701
1398
1582
3095
4495
419
1941
737
739
377
862
1629
443
1758
696
473
525
73
913
4244
589
3465
1041
2492
11
65
3993
175
4031
1359
576
326
1696
2886
1702
1091
1580
3358
1376
449
4314
181
552
1500
2
156
1465
870
107
19
46
3354
595
1183
501
542
353
3985
30
935
720
1027
1471
795
1599
800
277
4323
1803
1031
2350
135
2434
685
907
13
226
183
26
1734
1023
1250
1354
873
300
506
134
857
2363
349
727
1215
2584
2234
2760
171
522
1349
4076
1179
1458
251
130
1555
475
23
2200
1237
3279
1573
1852
220
1654
273
771
591
2028
424
3757
187
272
2172
1230
1800
441
3609
77
5
1726
887
1307
375
3135
448
1422
32
1256
1246
53
1114
941
3
1000
126
83
408
2867
2436
1855
4
3093
1507
3137
1204
546
0
652
108
3159
477
2140
85
298
1248
6
179
1835
3397
219
138
1536
761
1058
1765
249
1606
2796
1477
72
114
3658
729
1097
347
2730
331
3802
621
465
1827
512
36
3678
1020
2496
1552
835
4037
420
310
470
1016
572
4183
132
1319
2018
380
254
4161
2816
28
2438
1323
3867
4387
104
1779
4437
115
157
1723
1754
37
2680
2444
520
232
1730
1112
206
39
7
8
81
10
9
4628
76
4627
2464
1171
1312
14
15
12
1069
954
16
17
18
2211
21
1619
55
275
1084
122
492
735
4632
230
22
27
24
25
383
1190
2178
29
3255
858
4631
1085
334
366
4637
4624
1663
40
38
35
41
42
43
44
4645
48
1805
4646
2500
49
50
31
54
1676
4642
47
45
2884
51
33
52
1767
2957
433
1357
2642
2130
689
56
4647
4650
177
61
4649
643
724
60
59
62
2235
102
3766
1244
57
4365
63
401
958
1617
125
79
64
1110
4655
445
4656
2421
68
2279
70
86
3401
550
67
1321
66
69
71
1135
986
367
74
4659
2065
75
4653
4658
91
80
1231
92
1104
611
4634
82
84
2255
87
885
88
2346
1007
94
566
90
93
95
4671
103
97
4672
98
2204
99
1896
4669
96
1909
2710
1432
4670
100
101
4675
105
917
4673
106
1258
282
110
4674
255
112
3831
170
109
3946
623
111
113
224
121
598
4681
4680
116
118
3088
664
798
285
117
119
120
988
123
1235
34
569
439
151
3326
324
4684
141
1161
4683
143
1117
279
429
2213
2513
124
4678
3225
129
1822
131
133
660
303
866
1243
136
269
4691
1400
140
1037
2071
137
4685
1377
163
139
142
144
4697
993
4696
3328
164
152
3575
261
1290
416
321
146
2345
262
758
147
148
4694
2428
3603
145
1499
149
150
4699
154
1404
508
4700
4698
158
202
1882
159
161
2871
2647
155
160
1284
162
4706
466
166
4705
911
168
165
167
684
169
172
4708
173
317
4709
1316
1495
200
178
4703
186
2315
2637
180
4710
190
192
2207
2215
2217
188
593
2354
182
189
268
191
956
762
2944
2042
193
4722
4721
931
3768
981
196
642
198
201
195
4719
197
370
194
639
199
4724
3125
1325
1434
207
203
4725
4723
1608
2019
204
208
1775
210
1067
209
211
4731
4730
215
217
212
214
213
2057
216
236
1142
184
647
1008
78
1953
218
221
4734
937
222
225
437
227
229
231
4728
4733
510
1314
1134
235
234
239
241
238
493
237
240
242
4746
3847
4747
244
1998
245
250
246
247
2611
1423
4744
2511
496
243
248
4749
4750
1913
252
2588
649
4748
1383
257
256
253
505
259
258
260
1982
4756
264
4755
266
263
265
1185
267
2301
4759
1427
330
270
2242
615
288
271
718
1234
274
1685
4763
469
359
276
1011
278
373
4753
1239
4758
287
280
3697
789
1331
2063
283
290
1454
2966
286
1526
284
2580
2574
289
4766
4765
291
1170
4771
299
4772
293
4769
1453
360
1071
294
1538
296
1018
295
4770
292
297
176
662
4774
619
305
4775
301
2610
306
308
304
581
4773
307
302
1166
2864
309
435
976
4781
1911
313
311
315
4780
312
834
314
2138
879
316
3229
806
3165
1035
3178
4784
319
4778
565
3835
479
320
4783
323
337
570
4713
325
2132
327
329
2874
336
1623
332
339
335
333
338
516
340
4796
1392
543
342
890
3456
344
4797
2273
4795
348
1050
4794
343
341
345
346
4800
4799
1540
2691
350
354
355
793
357
4798
351
356
358
1973
1181
2618
4805
4806
361
362
364
396
817
2219
1942
814
2809
1057
363
365
368
518
2014
369
379
4803
883
372
1208
4809
386
374
497
1826
382
2792
398
2461
376
1207
4808
378
1286
797
381
722
946
415
1288
385
4816
1692
388
698
384
1969
579
402
387
389
4822
4821
3243
392
1600
391
2534
3344
1467
393
1040
1473
394
1531
4391
4789
3437
397
1093
4819
980
390
2118
548
503
1177
395
875
840
4824
4825
399
1945
403
4823
400
426
404
2586
2942
4791
1544
405
406
407
428
1479
4831
4830
410
411
412
744
409
413
2689
1996
1012
414
2582
638
417
4833
418
651
1475
1749
574
4834
458
423
658
2787
499
421
4793
1533
425
432
452
434
436
4811
438
440
427
430
1968
4828
442
444
4740
451
1450
930
616
4842
446
453
476
4533
450
1482
455
454
3161
1310
1449
447
456
4855
1144
4760
1089
474
2069
4856
725
1722
467
4852
468
478
460
3024
457
1350
692
461
459
462
463
464
804
471
2593
4859
587
472
4857
4860
480
1613
769
3103
482
481
4866
2843
483
952
485
484
486
2418
877
4871
2515
488
490
2507
4870
4068
487
2367
688
489
491
903
844
3230
127
2946
494
495
500
4689
498
502
504
507
1381
4872
4880
4873
509
4148
511
515
513
527
1503
517
1604
4869
524
519
521
185
4233
523
528
2136
3908
1131
530
549
4690
1462
526
529
950
531
4529
4894
534
1426
645
547
536
1254
4893
533
656
904
540
4891
532
535
537
2119
4897
1677
4896
541
544
1505
545
3064
555
557
4900
1576
551
2790
553
791
556
1162
4895
4903
558
1683
554
559
4908
3052
4907
2873
561
612
1164
560
563
562
1840
564
4910
567
568
571
582
2951
573
4912
731
601
1389
575
577
580
599
603
584
4906
586
588
871
1463
4909
594
622
654
2474
600
602
597
604
4930
590
4695
620
4931
2834
2319
607
606
963
613
4928
605
608
2590
609
610
617
4932
614
618
4937
3099
4933
2876
628
625
4934
630
627
629
3022
2205
631
632
4945
626
634
1241
4944
808
1217
1168
2541
636
633
635
637
640
641
4946
644
1102
655
4943
661
712
1108
670
657
646
648
4553
4947
592
1689
659
650
674
653
4954
1033
663
665
1336
716
881
861
2348
1014
1211
667
673
669
1025
2606
695
1659
676
671
672
675
677
1769
4968
1833
680
4967
686
679
681
3026
4965
693
977
1900
682
1303
2292
678
687
683
4972
4970
701
690
1029
1546
4969
2934
691
4974
699
4971
1140
2756
700
702
1915
697
4940
1509
703
704
705
765
4982
948
4981
707
2616
709
1402
706
708
710
713
714
717
719
2752
4286
721
3482
723
726
4303
728
4983
730
732
734
4980
736
738
1281
740
742
4984
1548
743
1975
4688
1430
1848
1173
745
747
746
749
748
750
5004
5005
2707
752
754
753
4899
755
1065
759
1363
5002
751
756
766
1955
5008
763
764
768
4838
760
5011
5006
773
1329
775
4998
5007
770
774
772
943
1308
5014
4191
776
4840
2055
4989
4163
777
778
5018
5019
2640
780
779
2501
782
830
781
783
786
5020
1062
5021
787
5017
790
792
794
796
1353
4876
799
5028
820
4741
4084
801
803
2015
805
839
4976
984
818
807
2633
809
4665
822
4776
819
1138
944
2121
1919
816
821
823
5041
5042
826
1796
2933
2569
832
825
5039
828
827
868
824
833
1187
829
1610
843
836
813
5043
5044
3474
2095
4810
837
847
2805
4720
5048
841
3478
1130
845
5045
1390
5049
596
4714
1687
846
848
850
2561
849
4636
851
5056
5055
852
854
853
855
856
5058
859
860
863
865
867
869
1529
5059
4687
874
4901
880
872
876
882
891
878
893
884
886
4921
888
5057
2801
5054
5073
1657
912
895
889
4850
4861
2706
892
4801
894
896
4863
1762
5079
4664
934
1981
4959
899
1263
624
4067
3352
1946
4966
5078
4813
898
900
1642
960
2722
5047
905
5077
906
901
5076
897
902
1585
5064
4849
909
1098
1736
914
5082
1921
916
910
5085
1100
3545
4702
5081
5084
4716
920
918
2488
5080
922
5088
921
919
923
1088
924
5093
5092
925
1627
4985
927
926
4911
928
929
932
5094
5095
2251
1252
1523
4644
966
965
4884
933
936
947
5099
938
949
5096
4087
4652
940
942
945
4812
953
2067
5091
955
968
3239
5098
951
987
959
957
961
4854
3212
985
962
2860
5003
4826
1727
4827
1902
964
4693
967
5100
969
1061
5116
2241
5115
971
973
972
974
978
5113
970
975
982
2940
1021
5118
979
995
5117
1409
983
990
5119
2693
989
996
5124
991
997
994
998
992
999
5130
1002
5131
1004
3153
1003
1001
1005
1006
1009
1010
1013
1015
1017
1024
1019
1022
5141
1831
2059
5128
5108
1026
5122
1028
3302
1030
3107
1036
5133
1044
2387
1032
2567
5134
5147
1045
1034
1038
5149
5101
1068
1039
1042
1046
1043
5023
1066
3727
1047
1048
5156
2487
5155
1052
1053
1054
1951
3361
1059
1060
1070
1327
1095
1051
1213
5152
1049
1055
1056
1063
4737
1064
1276
3275
5160
5157
1073
5159
1075
1074
1076
1077
2538
1078
5170
810
5171
1079
2361
1081
4686
1080
1082
1083
1086
5172
1087
1092
1094
4953
2359
1496
5169
1750
1096
4764
5173
4865
1099
1090
1120
1119
1101
5182
1103
1105
1113
1107
4883
1109
1633
1072
5176
1986
3748
1111
1115
3084
3770
5188
5164
1122
1141
1118
5069
4739
1121
1116
5184
1123
4877
5193
1396
1977
1132
1125
5191
1127
5194
1124
2498
4961
1126
2811
1128
1129
1385
1535
1203
1158
1139
1133
1136
1137
2391
5197
5196
1147
1148
2726
1143
5202
2041
4054
1145
1868
5195
1146
4777
1149
1876
1150
1151
5207
5208
1152
1153
3525
1154
4935
1155
1156
2061
5209
4926
1643
1159
1192
1586
4802
1160
1165
5210
1163
1406
1174
1193
5206
1167
1189
1176
1169
1180
5203
1172
1178
1182
5086
5223
5201
3249
1195
1186
1191
1304
1194
1196
5046
2054
5231
5230
1198
1199
5219
1205
1212
1201
5228
4633
3618
1197
1200
1202
811
1209
5233
1220
5232
3079
1206
1216
4660
5236
1387
5234
1221
1223
1219
1222
1224
1771
5245
5244
4762
1225
1227
1226
1228
1229
1232
3774
1233
2679
4150
1238
1236
1240
5072
1242
1245
1247
5254
1249
5246
5179
5009
1251
1612
1253
1265
3622
1287
1264
1285
5243
1255
1773
1277
1569
5247
5111
1262
5027
1266
1460
1257
1603
2505
5142
1268
4979
1267
1269
1184
1280
5268
5267
1271
1273
2365
1278
5265
1270
1272
1274
3772
5248
4476
1275
5270
1279
4991
1289
1694
5271
2646
1282
1763
1293
5273
5000
4913
2545
1295
1294
2170
5269
1296
1650
1292
1297
5175
5281
1621
1298
1361
1317
3457
1300
1680
1635
5282
1299
1301
1302
1760
5251
1305
1732
1306
1456
1311
1994
1309
1313
5280
2298
1320
1315
1318
5291
2657
1322
2341
2392
5284
1339
2503
2048
1324
5022
1335
1358
1326
1328
1330
5283
1338
1949
5293
1332
1436
5087
1341
2395
1337
5216
4718
4987
1869
1360
1340
1342
4661
5304
5305
1345
815
1210
1344
1351
5302
4701
1343
1346
1352
4790
1347
5250
1348
5308
4951
5307
1367
1355
4915
1356
2564
5311
1366
1362
1364
5312
1369
2916
1368
4993
4958
5306
1259
1365
4349
1370
5318
5319
1795
1371
1372
1373
1374
1375
3030
1592
1378
1380
2989
1572
1379
5153
4416
1384
1382
5325
1386
1388
5320
1410
5321
4630
1412
1649
1391
5330
1414
1393
5317
5259
1399
1395
4835
1397
1844
1698
4814
1188
1401
1403
1405
1407
5336
1411
1433
4829
2807
1408
1842
1431
5237
5053
1413
4939
3080
2644
1415
5342
3083
5341
4735
1417
3693
1419
1418
1420
1424
1690
4767
5339
1425
1214
4868
2128
1416
5346
4919
4118
1421
5256
5344
1428
1439
5343
1435
5345
3751
1440
1429
1437
1438
1441
1442
1443
1908
5355
5163
1444
5356
1445
1447
1446
1448
2371
1451
5357
5354
1452
2614
1283
1457
3725
1455
5360
1466
4905
1459
1461
2465
1468
3176
5068
1481
5358
1470
1478
1472
1474
1485
1464
1476
1484
1480
2799
5013
2195
1615
5121
2087
5374
4319
5285
1487
3303
1261
1504
1483
1486
5364
4726
1488
5378
1490
5379
1492
5348
5377
1491
1542
1506
1493
3602
1497
1777
5376
1489
2281
1494
1501
1568
1502
1498
5380
5143
2282
4837
5381
5372
1511
1512
1632
5135
1510
1218
1704
5382
2245
4104
4316
2661
5181
1513
2147
5362
1515
1514
5162
1516
5392
5393
4531
1518
1517
1661
1519
4977
1520
1521
4114
5132
3967
5394
1557
1524
1525
5391
3015
5037
1530
1532
2470
4487
1534
1537
2115
2328
1508
4390
3538
1528
3163
1539
1928
1836
1545
1541
3311
5400
5226
4882
4745
2246
1543
2052
1547
1549
1990
1753
1554
5395
5351
1551
1558
5229
1553
1809
1560
1577
2091
1556
1559
1561
1579
5327
5415
1563
1706
5416
1564
1565
3007
1570
5413
1566
1653
2753
3384
1562
1756
1782
1567
1571
5420
5419
1807
1581
3682
1574
1575
1583
5421
1925
5239
1588
5425
2022
5105
5418
1587
5417
4643
3654
1584
1590
1589
1591
5431
2284
5430
1594
5253
4853
1596
1595
1593
1597
1598
5433
5266
1601
5061
5218
4964
1602
5434
5428
1605
5263
1607
1923
5276
1609
1846
1611
5125
1823
1616
5439
1614
2638
5441
1618
1631
5166
2352
1620
1622
1850
1624
1637
1628
1626
1658
1630
3386
5252
1639
1634
2423
3298
1636
1638
3272
1640
5456
5455
1651
3425
3241
3247
1645
3828
2046
2168
5452
1652
1662
1644
5180
1647
5089
2719
5388
1646
3991
1641
2910
1648
3579
1838
1655
1656
5457
5448
3203
3105
5460
2794
2914
5386
4938
1667
5459
1669
1665
1906
1666
5174
4988
1668
1670
5470
1671
1673
5165
3324
4608
5471
5449
4101
1672
1333
1674
1675
1678
1679
1682
2221
1693
5473
3202
1684
1686
1688
5255
4787
1691
1695
4736
2837
5472
1697
1699
5440
1660
1731
5340
4836
1711
4942
3920
5469
1701
1712
5486
1714
1708
2468
5453
1709
1710
1713
4199
1715
3019
5494
3309
1829
4848
5493
1717
5423
1733
1718
2494
1291
1719
1724
4963
5185
4761
1899
3551
1720
4414
5491
1716
1721
4902
5497
1728
5495
1738
2427
1725
1703
5385
1729
1737
1740
2024
5500
5090
1735
5496
5399
5349
1742
1895
1739
1741
1743
5507
5508
1745
3695
1747
1744
1746
1873
1748
5509
5499
1751
3318
2949
1752
1755
5371
2272
3028
1766
2324
1757
5502
5506
5512
1772
2160
1759
1784
1761
5510
5401
3236
1785
1768
1770
2918
1783
1787
5332
3845
1880
2659
1764
1774
1776
1778
2947
1781
2249
4651
5474
1804
4165
5144
1806
1799
5192
1786
1788
5015
5530
1797
5528
2290
1790
5531
1705
1792
5476
1791
5198
5366
5529
4890
3468
4712
1793
1789
5070
1794
5534
5240
1798
2099
1801
3745
5532
3981
1802
2906
5533
4527
1811
1812
2097
1813
1664
1814
5477
3612
1810
5540
1815
1816
4641
1917
5545
4990
1818
5544
5123
4061
3426
2269
5215
1817
2732
1819
1820
5205
4648
1821
1824
1825
5543
5546
1828
1830
1832
3684
1834
1837
1857
1839
4768
1845
4786
1856
2764
2322
1841
5257
1972
1843
5547
1847
1851
1854
1858
3894
1877
1860
2684
5553
1859
1861
5212
5568
3532
1878
5567
1870
2001
1863
5466
5065
5565
2225
1864
1866
1865
2227
1872
1862
1867
3901
5277
1871
2430
5571
1874
1881
3529
5322
5570
1885
1875
5569
5576
5503
1886
1884
1888
2715
1887
5573
1889
5289
5582
2288
1891
2050
2797
5129
1893
2861
5581
2653
1890
5517
1892
4676
5436
1894
1897
1898
1901
1903
2134
5586
1905
1912
1334
1914
1918
5016
5200
2114
2209
1907
1910
1916
1924
1920
1879
5584
1931
3307
4188
5583
5249
5062
5397
3036
1933
5580
2401
1950
1930
1952
2663
2728
1927
2573
5596
4742
1929
1932
1934
5605
5604
2419
1937
1936
1939
1938
1943
5602
1935
1940
5607
1944
1947
5608
5606
1958
3453
1948
5387
1957
4743
1954
1956
5516
3395
1959
1960
1961
1962
3056
5618
5609
5619
1964
1963
1965
1966
2666
2769
1967
1970
1971
1974
1976
5622
5620
5623
4666
1978
1980
5617
2571
5211
1985
1987
1989
5621
2000
1991
5626
1983
1993
2026
2357
2142
2865
2003
1997
5501
5498
2318
5220
2004
2006
2025
2161
2002
2005
2007
5641
5642
2009
2991
2023
2010
2011
5640
2012
2016
2127
5186
5639
2008
2144
2414
2013
5644
2031
2397
5213
2020
5643
2017
3534
2027
2030
5645
3758
2021
4918
3182
1707
3057
2029
2032
2033
2034
2035
5656
2045
2198
5034
5655
4752
2036
2038
2607
2196
3463
2037
2039
5150
4889
2040
2043
5657
2044
5221
2047
5658
5654
2077
2049
2073
2076
5659
2051
2053
2058
2060
2056
3762
2079
2064
2062
2066
2068
2096
3232
4751
2070
4844
5010
1922
2432
2098
5390
2074
2075
2078
4817
2080
5679
5678
2083
2082
2084
2089
5676
2085
2326
2081
2086
5214
2093
2094
2090
2253
2460
4847
5272
5682
5681
2104
2164
2509
2277
5585
5051
5680
2980
4055
2105
5593
3631
2072
2103
2106
2107
2108
2184
4936
5693
5692
5323
2109
2110
2111
2112
2113
4864
5694
2123
5632
2116
1780
2117
1849
2120
5695
2122
5691
2124
2149
2174
5001
2148
2146
2126
4350
2129
2131
2133
2150
4018
2135
2137
5435
3066
2143
2139
2141
5535
5389
5537
2202
3530
3837
2169
2171
5708
2151
4962
2152
5274
2153
5715
3508
5716
2155
2157
2156
2158
5102
2162
5713
2154
2159
5718
2191
5482
2163
5161
2166
2167
5719
2342
3571
2179
4566
5717
2180
3139
5492
2537
2176
2173
4923
4639
2175
5262
4626
2181
5554
3452
3086
5667
2415
1926
2182
2183
4363
5730
3822
5136
2186
2425
5731
5278
2188
2720
2187
2766
2185
3675
2189
2190
5734
2275
5733
2193
2194
2199
2197
2201
4668
5735
2208
2841
5728
5264
5438
2203
2214
2216
2206
2210
3362
2286
2565
2770
2212
2296
2218
2229
2228
2250
2252
2224
2226
2576
2230
2231
2223
2232
5755
5739
2236
2238
2243
4925
2244
2254
4638
5743
4867
5756
5538
5328
5752
2237
5465
2268
5139
2239
5040
1808
2220
2813
2233
2240
2247
2683
2369
5759
5760
2258
2248
2259
2260
3245
3092
2256
5757
2257
5334
3995
4563
2261
2262
4153
5770
5422
2263
2265
5771
2264
2266
3547
4858
5406
2267
2270
5769
3090
2271
2276
3691
5467
3672
2274
5763
2278
5773
4100
5777
3403
2938
2280
2724
2300
2285
3011
2287
5772
5050
2289
2291
4312
5776
2293
5741
5558
2304
2306
2323
5504
2325
3316
2302
2303
2305
2307
2316
5794
5793
2310
3891
3062
2440
1995
5791
2312
4677
2309
2311
5792
2308
4986
4885
2313
5797
2283
2320
2317
2332
5795
4144
3198
5796
4862
2331
4072
2327
5799
2294
4065
2321
5802
5405
5572
2329
1853
5700
2334
5649
2333
5701
5315
2330
2335
5808
2717
5199
5779
5807
2399
2388
3818
5488
3863
2337
2336
5067
2295
2339
5331
2338
2543
2101
2340
3868
5429
2343
5809
5279
1999
2344
2347
4231
2578
2358
2349
2993
3152
5414
3689
2351
2353
2356
5806
2376
5784
2360
2362
2370
2953
2364
3989
4663
2366
2368
3555
5810
2372
3349
5126
2377
5764
2379
4170
2396
2373
2398
4120
2375
2378
2380
5831
3060
2383
5830
2382
2384
3499
2385
5326
3322
5168
2389
5828
2442
2381
2386
5383
2390
2393
5834
2394
3791
5833
5832
2402
3718
2404
2405
1883
2406
2403
3936
2407
2400
2408
5844
5845
5408
5561
3549
2410
2409
2411
2412
2413
2416
5843
5847
2417
2297
2422
2424
4904
3729
2426
5574
2420
2431
5359
5835
5839
2102
2433
2437
4159
2435
3877
2429
5846
4606
2443
2439
4916
5481
2299
2441
2937
2560
5725
2547
2450
2445
2469
5863
2471
2449
2452
3790
5599
2447
2448
2446
2451
2453
5868
5821
2456
5867
5035
2455
2457
5853
2462
3314
2458
5865
2454
2463
2459
5242
2466
2467
2788
4105
5127
2475
2491
5140
2833
5869
4408
5801
5877
5870
4715
2620
2476
2477
5871
2479
2478
2651
2480
3430
5187
2481
2517
5851
5882
5881
2482
3185
2484
4276
2483
2485
3502
4224
2486
5884
5587
4881
3126
2489
2490
2493
5699
2533
2495
2497
2499
2504
5854
2523
2506
2508
5883
5628
5071
3978
2525
4058
2784
2544
2510
2502
2516
2512
2514
5880
2522
2542
2519
2520
2521
5761
5762
2524
5475
5836
2526
2535
5904
5674
3731
2528
5737
2803
5902
2687
2530
2536
5905
2529
5361
4274
2845
2531
2527
3399
2532
3983
4482
3034
2539
5485
2540
3459
2100
5908
2222
2145
5906
4157
5907
5829
2548
2549
2961
2634
2550
3348
5519
5536
2546
2551
5912
5683
2713
3053
2552
2553
2554
5919
2556
2558
5918
2555
5911
2557
2559
2562
2563
2566
5920
5625
2568
2570
5926
2572
4497
5167
4875
2575
5917
5930
2577
2583
3170
5921
5154
2585
2579
2595
2587
5837
5029
5789
2581
2589
2596
2592
2591
3130
4242
3498
2594
2598
2597
2599
5942
4898
5624
5941
5634
2601
2602
2608
2603
5939
2604
4444
2600
2609
2605
2612
5945
2624
2615
4227
2613
2619
2617
5740
5940
2621
5943
5944
5515
2882
2623
2625
2622
5637
5074
2626
2627
5955
2628
5956
2655
2888
2629
3010
2631
5819
2630
2632
5812
2635
5861
5888
5957
2636
2641
3433
2643
5958
3409
2920
5954
2639
2645
2668
2650
2656
2652
2667
5402
2654
5961
2648
2662
5363
2762
2658
2660
5765
2669
3276
5711
2838
5384
3234
5526
2664
5487
5290
2671
4570
2473
2665
5964
2670
2672
4021
4248
5978
5979
5603
3380
2675
2677
2681
3649
2674
5275
2783
2676
5976
2673
5550
2688
2678
2685
4785
5981
2686
2696
5980
3576
5928
5982
2695
2698
5813
2697
2699
4151
3976
5949
2711
2700
5189
5856
5993
3916
2736
2702
5992
2701
2703
2704
2705
2708
5995
2709
2959
5991
5720
2714
2716
2911
2718
2712
3097
5800
2869
3526
5432
2742
2723
5994
5892
4950
2721
2729
2725
5588
2727
2731
5826
2761
5426
2735
5033
2733
5097
5525
3583
4843
5445
5722
2738
2744
2907
2739
2741
2740
5052
2682
2690
5591
2757
2743
2763
2745
6016
5885
6015
2747
5951
5690
3174
5886
2748
3841
2984
5971
2737
2749
2750
2754
6013
2746
2751
2755
5697
4184
2758
3013
5615
2759
2847
2767
6018
5924
2771
6019
5541
2772
6017
2773
2768
4941
2774
5704
2775
5670
6030
5985
2778
3238
2780
6031
2776
2779
5579
2777
2781
5669
2782
5411
2785
2786
4956
2789
6033
3744
5729
5963
3408
4820
5703
3439
2791
6034
2800
2793
2692
6039
4499
5557
2806
6028
2795
2798
3006
2802
2820
4635
3794
2804
3722
2812
2842
4839
5314
5316
3972
5909
2815
2808
5468
4920
4017
2979
2844
5768
2818
5410
5948
2821
5688
5653
2822
3626
4515
2817
2819
2890
3020
2823
2824
3605
2880
2835
6056
6055
6052
2828
5712
2830
2836
3210
2846
2826
5107
2825
5724
5563
2829
2827
2831
4137
2983
5178
5823
3331
2832
6059
2839
2840
4000
5627
6060
2851
2850
4361
2852
5687
6057
2853
2849
2854
3133
5480
6070
5556
3283
6071
2694
5177
3208
2856
4321
2855
2858
2857
2859
2862
2863
3375
3539
3536
2868
2870
5555
2872
5566
6072
3950
2810
6073
5630
4078
2875
6082
2866
3226
2877
2879
2881
2889
2895
2814
2917
3543
3168
2518
2883
2848
2885
3101
2887
2896
5137
4070
2898
6069
2893
2894
2892
2897
2899
5458
6093
2901
2903
4278
4792
2915
2908
6094
6091
5969
6011
2900
4949
2987
2902
2904
2905
6097
2912
6096
5966
3671
2913
2963
2909
2924
2919
2923
6095
4493
2925
2922
2921
2926
2927
5744
6108
6107
2929
3253
2928
2931
5999
2930
2932
2935
2936
2941
2939
3180
2943
6106
3166
5520
6109
2950
2968
6110
2945
2948
2956
6006
2952
2965
2958
3644
4108
3685
3466
2960
3906
2954
2962
2969
2964
2990
2971
4662
4815
3032
2967
2970
6116
2972
3680
6130
2974
5288
4022
3821
6131
2981
2976
2988
6128
2975
2973
2977
4888
2978
5811
2985
6134
6132
5758
4470
2982
2997
6133
3112
2986
5664
2996
2995
5890
6061
5910
3476
3472
2994
2998
2999
5367
3000
6145
6144
3002
3001
5721
3004
3003
3971
3172
5287
3005
6075
5031
3008
3009
3389
5973
3014
3016
4307
3018
3281
3506
3021
3012
3023
3029
6147
3025
5857
3129
3027
3031
3033
3035
5962
6146
5577
3411
3721
6143
3038
5109
3063
3042
4063
3044
4886
3041
5879
3039
3199
3040
3043
5592
3864
4997
3045
3061
6167
3047
5407
6168
3049
3687
3054
3048
6165
5292
3046
3050
3051
6171
3055
3070
5933
6170
6007
4955
3058
5897
6066
3059
3065
3067
4727
6169
5935
6175
3068
3572
5983
3069
3512
3072
3071
4599
4612
3777
4146
3073
6182
5672
3156
3075
4074
5922
6181
3074
3076
5286
3077
3078
3081
4557
3082
5849
3087
6184
5685
6129
3085
3096
6180
3089
4225
5353
3091
2992
3094
3098
6191
3312
3100
6037
3102
3104
5698
6183
4267
5483
3136
3114
3115
3134
3106
3826
6111
5896
3108
3113
3116
3111
3117
5120
6103
3118
6205
6204
3368
3391
3120
3121
3123
4317
3127
6202
3206
4960
3611
3119
3122
3764
3124
3109
3131
3128
4711
3132
5815
3138
3140
3699
4236
5600
6208
6064
3143
6206
3110
3251
6207
3141
5818
3914
3145
3142
3144
3146
5841
6219
5024
3148
6218
3147
3149
3157
3503
3150
3151
6220
3356
6221
3188
3154
3155
3271
5967
3160
3162
3158
3164
3167
3190
3186
5878
4406
3187
6217
3169
3968
3171
5931
3173
3181
3175
3755
3207
3345
3177
3179
3209
5260
3183
3184
5953
3189
3191
2765
6241
6242
3193
3194
3195
5675
3196
6010
5864
6101
3200
6239
3192
6154
6234
3201
3197
3204
5891
6244
6243
3215
4221
3875
3211
3899
3217
5524
3214
6245
5970
3804
3216
3218
3480
3219
6255
3220
6256
5352
3222
3221
3223
3224
3227
3228
3871
3231
3233
3235
6263
3237
4469
5403
3242
3461
3624
6257
3244
3240
3246
3248
4220
3250
3252
3910
3254
3256
6254
6112
3260
6258
5151
5707
5038
6043
6045
6223
3261
4027
3897
6102
3257
3648
5887
3280
4574
3628
5989
3258
3259
3614
4138
3262
3263
3890
3264
6279
3299
4952
6278
3282
6149
3266
3581
3267
3268
4203
3273
6276
5551
3265
3274
4561
3269
3270
3277
6282
4692
5988
3393
3974
3278
5875
3205
6280
3284
5549
3286
4489
3289
3291
3287
6281
5303
3288
3290
3292
6293
4578
6292
3294
3376
3305
3296
3293
3295
5450
5781
6233
5521
6156
3297
6203
5370
5650
3300
3301
6295
3306
3304
3308
3310
5032
3332
4879
5578
6291
3313
3330
5103
6294
3333
3315
5309
3321
3323
3317
3676
3319
3327
3382
3355
3334
3429
3336
5368
3824
3335
3337
3353
6315
6297
5932
3346
3347
6316
3340
6313
3339
5552
6148
3342
6041
3338
3541
3341
5204
3343
3607
6318
3350
3351
3357
6319
5261
3363
6317
3364
3388
3366
3918
3360
4142
3365
3367
3873
6331
5104
6330
3370
3795
3379
6081
3371
3372
6032
3369
3373
3374
5937
3377
3833
3378
3381
6333
4110
6049
3383
3392
3470
6187
5145
3385
3387
3390
5848
6328
6301
3412
6021
3394
6334
4059
3398
3400
3407
3435
5484
3396
3944
3413
4887
3434
5662
3436
3410
3415
3414
3652
3416
6356
5889
6004
6355
3427
6352
6227
3420
3585
3417
4229
3645
5938
3422
3418
5333
3419
3421
3423
3424
6360
6359
4357
6283
3431
3432
3442
3443
6357
5997
3440
3444
3445
5824
3441
3446
4141
6371
6155
6370
3447
3449
3448
3450
5146
3451
6092
6185
5804
3402
3454
4155
6373
6372
3455
3404
3458
3460
2891
5424
3462
5347
3464
3467
4452
4404
4516
3469
3471
6369
3895
3473
3484
6139
3475
5063
3477
3487
3481
3616
3488
3507
5365
3509
3490
3485
6228
5817
3479
4448
3486
4359
3489
3491
6393
5651
3749
6394
3599
3493
5732
3405
5542
6085
3510
4354
3495
4948
3500
3494
4924
4412
6391
3492
3501
3406
3980
3496
5412
3497
3504
4582
6395
6397
5594
3516
3511
6396
3515
3517
6121
3553
5782
3518
5686
3514
6008
3519
6407
6408
6339
3521
3520
6363
5647
3523
3522
3524
3527
6409
3528
6410
6406
5749
6135
3717
3533
6335
3535
3537
6376
3540
3987
3531
3560
3542
3544
5820
3546
3582
5444
3800
3940
6172
3548
3561
5235
3213
3359
6236
3550
3552
4832
3557
5684
5972
5915
3558
3563
5294
3559
5899
3562
3564
6323
6430
3566
3568
6431
3567
3573
3569
3325
5324
6428
3565
3554
3570
5825
3577
6434
6433
3580
3574
3578
5855
3588
3586
3584
5313
3589
6153
3590
6432
4369
3620
3587
5258
4432
3591
3592
3329
6087
6445
6349
6444
3594
3593
3595
3596
3597
3600
5297
6446
3601
5984
3604
3037
6078
5927
3606
5446
3615
6012
6423
5548
4874
3633
3608
6063
4788
6443
3610
3656
4197
4400
3613
5660
3630
3941
6456
5705
6447
3617
3634
6027
5479
3621
3619
3623
4336
6270
5590
3625
5560
3632
5301
3636
6098
4397
3997
4878
3635
5300
3637
6467
3653
5753
6468
6340
3639
3655
3640
3641
3642
6259
3646
6080
6465
5522
3638
6440
3643
3647
3650
6471
6470
5898
3651
3659
3662
6469
5375
3660
3661
4195
3663
6435
3664
3665
6482
6051
6029
6026
3667
5514
6375
6481
4922
3666
5977
6345
6054
3627
3668
3669
6035
4520
3556
3670
6483
3673
3706
3674
6126
3428
4282
6338
3679
5842
3681
3683
3686
3677
5946
6480
6491
6493
6024
3688
3690
3692
3694
3696
6484
3698
6413
3700
6003
3707
3703
3702
3709
3726
3728
3704
3705
3708
6398
3710
5083
6504
3712
3719
6502
6505
3713
3714
3715
3711
6176
3716
3720
6248
6508
5190
6260
3723
3724
6506
5661
3733
5298
4419
3753
3735
3737
3730
6348
3948
3505
6507
3732
3798
6062
3734
3736
3738
6519
6518
3513
3740
3739
3741
4112
4025
3839
6417
3742
6192
6514
3743
3746
5965
3747
3750
3761
6520
3752
3754
4353
4029
3756
6521
3767
3763
3759
3765
5767
3769
5310
3779
3830
3773
3771
4552
6261
3657
6517
3778
3781
4399
6088
3904
6123
3799
3776
3780
3817
3782
3783
6542
6541
3785
3787
5026
3786
3788
4576
3792
6539
3784
3789
6545
4310
3796
4483
3793
6544
3807
6543
6448
3809
3808
3806
6212
3810
3811
4478
6555
3812
6556
3813
4585
5894
5648
3815
3814
3816
4253
3797
6337
6160
3819
6286
6459
3820
3823
6216
6557
4234
3825
3827
3829
6336
4446
3832
5787
3834
3840
3903
6554
3836
3838
6558
3842
3853
3844
3849
3937
3855
3850
3874
4994
5975
3852
3851
5398
3854
3856
6579
6079
3859
3801
4580
3865
3861
5710
6308
6578
3872
6048
5959
5595
3858
3860
6576
3866
3876
3857
3629
6302
3862
3869
4992
6580
5960
6582
6190
3881
3883
6581
3870
3879
3880
6525
3878
3882
3884
6592
3885
5527
3887
6593
3886
4246
3888
5916
3889
3892
3893
3896
3898
3846
6591
4187
3900
3902
3905
3907
5673
3909
6140
3911
3913
3915
6594
3925
6474
6595
3919
3926
3960
6600
3805
3917
3438
4598
4602
3961
3921
3945
3947
5696
6040
4329
3922
3923
3924
3927
3928
3929
4892
6615
6616
3932
3931
3933
4565
4973
6188
3938
4436
4304
6613
3934
4333
3775
5775
3930
4280
4240
6174
3935
6588
6042
3939
3942
3943
6617
6162
6009
6618
3803
6619
3956
4957
4167
4331
6503
3952
3951
6498
4035
6492
6249
3955
5464
3957
5613
6298
4519
3953
5952
3954
4450
3958
3959
6630
6560
3962
6001
4559
6631
3964
4308
3963
4238
3965
3966
5350
3969
6633
6628
4004
3970
3975
3977
5442
3973
6513
6511
4193
3979
5925
3982
3984
5505
6458
3483
5895
6199
3986
3988
3990
3992
3996
5783
6634
3994
6247
6200
3998
5335
4410
6601
6650
4026
4005
4028
3999
4034
4284
6275
4042
4002
4080
6044
4006
4001
4003
4007
5511
4008
6655
6656
4535
4019
4012
4014
5451
4491
6343
6224
6137
5373
5635
4020
4030
6486
4010
6652
4402
5598
5463
4013
4011
6495
4009
6546
4015
6354
4016
5066
4036
4201
6166
4023
4024
5876
6657
6304
6659
4525
6637
6327
4032
4038
6660
4043
6561
6266
6074
6421
4045
4367
4044
6606
4046
5790
4047
5996
5610
4048
6673
4049
5337
6232
6620
6674
4050
4052
4051
4053
4056
3848
4057
6366
4060
6676
5437
6596
4071
5714
4073
6672
6193
4062
4064
4066
4978
4270
4250
4075
6346
4069
4077
4079
5443
6559
6675
6597
4090
5462
5513
4086
6668
5950
4111
4092
4083
4089
4081
4085
4109
6500
4117
6688
5575
6353
4088
6186
4327
4433
6682
6638
4091
6689
6547
4093
4654
6683
6577
6697
4096
6324
6000
4098
4625
5075
6696
4102
6694
6164
4095
4097
4473
4094
4099
4106
6636
4103
6698
4113
4107
6699
4115
4126
6150
4127
6287
6158
4119
6536
4040
4121
4123
6700
6159
4122
4128
4129
4130
6701
4131
6647
6713
4132
5934
6714
5112
4125
4134
4133
4135
4136
6642
4139
6306
6238
6677
5780
6451
6715
6716
6712
6350
5748
6399
4172
4140
5726
6453
4143
4173
4145
4147
4154
4149
5706
6235
5852
6540
6274
6709
6685
4266
4156
4160
6510
4152
6420
4158
6727
6416
6476
6195
5689
4162
6723
6585
6105
6644
6368
3949
4166
4614
6246
4169
4164
6277
6213
4168
4175
4194
5986
5671
6512
5665
6729
6509
4171
6679
6194
4207
4192
6550
4395
6609
4208
4174
6344
4176
6646
6321
6736
5702
5947
4178
6405
5106
6737
5814
4179
4442
4181
5454
4185
6734
4200
4180
4186
4640
6365
4177
4182
5827
6118
4189
6738
6361
4209
6740
5923
4190
4196
4202
6739
5860
5564
4198
6720
6549
6455
4204
4210
4211
4325
4213
6229
4206
4212
6524
4214
6732
6419
6754
5241
6753
6535
6743
4215
4216
5736
6530
6496
6083
4217
5614
4218
6529
4219
4222
4039
6014
5750
5754
5601
5633
5652
4223
6661
5224
6210
4568
4226
4228
4271
6214
6604
5461
5589
6635
6757
4230
6756
4124
6211
4232
6653
5666
6755
4256
4237
4239
4243
6099
4235
4241
4245
4249
4277
4247
4251
6068
5597
4254
4258
5523
5611
4679
4275
4255
6730
5295
6752
4257
4252
6089
6728
6002
4259
6776
6163
6777
5873
6403
6665
6703
4261
6402
6742
6598
4262
6707
5936
5227
4268
4386
6774
4260
4610
6290
4263
5489
4264
4996
6437
4283
4265
6251
4269
5816
4272
6269
5913
6499
6779
4279
4293
5396
4285
6780
4273
6341
4281
6005
4288
4287
6778
4294
6332
5110
4295
6157
6114
4292
4289
6198
4296
6762
4297
4556
6678
5238
6793
4298
6084
6100
6692
6794
5447
6289
4299
4846
4300
6422
4393
6120
4729
4291
6567
5805
4301
6230
6751
6749
5901
4302
4305
6439
5060
6305
4306
5025
6791
6364
6250
6201
6792
4311
4995
6662
4313
6472
6796
4339
4315
4337
5409
5745
5012
4341
4309
4320
4322
4326
4328
6125
4324
4335
6782
6795
4338
5747
4318
4330
6429
6415
6119
4360
4340
6687
6152
4332
4334
4732
5612
6479
6464
6798
4358
4342
6025
6625
6381
6551
6404
6225
4657
6307
6784
6816
4351
4344
4440
6023
6758
6817
6222
4346
4345
6197
6814
4347
5929
5490
6425
6586
6670
4343
4348
4355
4352
6489
4366
4616
6643
6322
6329
6501
6819
6178
6741
6704
6705
5723
4356
6548
4362
6382
6299
6583
4364
6463
4376
6818
6311
5774
5840
4375
5562
6802
6038
6820
5738
6384
4818
4480
6624
4682
6022
6771
6385
5858
6347
6450
4370
6783
4502
4372
6449
6380
4378
6358
6735
4377
6826
6721
5638
4379
4380
6475
6833
6571
5148
4381
6834
4383
4382
5862
4384
4385
6320
4388
6312
4389
6832
4474
6265
4394
4396
6812
5030
6454
4205
5866
6574
6667
6296
5859
5138
4392
4398
6390
4418
4403
4405
4407
5539
6067
4409
6374
4368
6708
4041
4371
4401
6836
4441
6599
4411
4523
4415
4413
4417
4422
6418
4443
6770
6377
4374
6209
6841
6695
6835
5369
4424
6442
4456
6710
4457
4420
4421
5158
4845
4290
6046
6273
6664
6086
4423
6300
4929
6538
6117
4425
6719
6722
5616
4434
6412
4704
6427
6856
6854
6857
4427
4428
5874
4429
6640
4430
4426
6811
6781
6523
4431
6490
6827
6584
6860
6848
4757
5914
6785
6859
4435
6342
4445
4438
6693
6805
4460
6748
6858
6566
6706
6309
5974
6745
5746
4707
4439
4449
4451
4458
4454
4459
4447
4453
4461
4975
4462
4463
6177
6874
6873
4572
4464
5751
4465
6686
4467
4618
5338
4466
4782
4468
6607
6036
6876
4471
6691
6457
6767
6411
6487
4472
6173
5478
6284
4477
4475
6573
6877
4505
5798
4851
6386
6531
5893
6875
6872
6622
4479
4481
4484
6885
4486
4455
4540
4488
6825
4492
4738
4494
6773
4490
4501
6378
6226
6526
4524
6623
6828
4917
6775
6138
6076
6887
4496
4498
6766
4500
6765
5036
6127
6803
4526
4999
6494
4507
6379
6488
4532
4503
6136
6610
5559
4504
4506
4508
6603
6608
6252
6861
6838
6863
6897
6896
6879
6645
4510
4511
6058
4513
4512
6351
4517
6878
4518
6231
4528
6788
6894
4509
5987
4514
6880
6590
6864
4521
6866
6516
6115
6804
5183
4539
6684
6844
6898
5727
6891
6441
4534
4522
4667
4530
6886
6189
6485
6899
6552
6900
5785
6799
6142
4543
6831
6053
4542
6553
4545
5990
4537
4544
6849
4541
4546
6913
5872
6020
6533
4547
6196
6914
6179
4549
6314
6122
4548
6424
6888
5114
4536
6461
6881
6268
4550
4551
4554
6077
6884
6726
6810
4555
6680
6565
6462
4558
6215
6763
4560
4373
5788
6401
6901
6813
6438
6868
6522
6916
6843
5803
6853
6830
5900
5222
6852
5329
6632
4569
6905
5636
4571
6611
6915
6806
6666
5646
4562
4564
6842
4841
6744
4804
4575
6050
4717
6426
4573
6572
6867
6681
6808
4623
6497
6890
6237
6104
6671
4567
6718
6871
6575
6800
6921
4914
4577
5663
4579
6303
5786
6924
6253
6787
5850
6326
6889
4607
6460
6124
6534
4807
6589
6436
6772
4754
4581
4609
6882
4588
6389
6562
6264
6823
6702
6759
5903
6614
6563
6855
5968
6928
6912
6537
6090
4583
5296
6310
6400
6262
6325
6769
6161
6893
6267
6847
6362
5629
4584
6641
5766
4779
4622
4587
4586
4590
6473
4589
5668
4591
6936
6845
6937
4594
4596
5518
6923
6768
6907
6919
4538
6909
6918
6815
4600
6240
4593
6141
6569
5838
6065
6797
6478
6906
4595
5217
6869
6934
6925
6627
6922
6851
4603
6649
5225
6801
6786
4592
6658
6865
6388
6663
6908
6711
6272
6920
6717
6821
6532
6935
6917
6477
4597
4601
6639
6651
6761
4604
6367
6862
4629
6895
6724
4611
6733
6850
6883
6629
4605
6731
6846
6285
4615
6271
4613
5677
6822
6669
6911
6904
6837
6383
6151
4927
6452
6621
6839
6943
6626
6926
6927
6892
6747
6870
6942
6654
6047
6840
6612
6809
6944
6746
5709
6910
6568
6113
6570
6807
6528
5427
6946
6824
6605
6602
6288
6750
4619
4621
6829
4617
5998
5299
4620
6587
6950
6564
6725
6764
6790
6933
6789
6527
6931
6947
6466
5742
6902
6760
6951
6392
6939
5631
6903
6932
5404
6414
5822
6938
5778
6387
6941
6949
6940
6515
6929
6948
6648
6690
6945
6930
