46
1
610
187
5
72
0
10
20
241
382
19
37
3
170
205
446
12
845
253
65
2
11
30
4
130
128
374
601
224
6
181
107
89
7
153
47
76
8
447
28
766
58
9
32
968
156
1147
26
183
314
262
23
13
14
1148
16
15
17
505
18
121
125
21
53
163
545
36
22
247
762
274
135
1152
41
1151
27
39
29
40
38
43
768
1144
42
35
44
303
378
86
81
24
683
1165
1166
49
73
54
48
108
31
25
220
1162
309
51
45
419
85
55
50
59
52
56
1167
1169
232
102
1170
200
61
57
63
226
300
104
60
62
122
66
83
177
609
64
1176
1175
618
68
70
67
249
369
171
69
383
71
458
74
1173
75
79
466
80
539
235
88
82
1178
1179
537
90
92
84
87
91
94
320
77
1017
1184
93
95
230
442
243
245
1191
114
103
1189
376
132
33
385
1192
97
206
98
115
96
1163
157
100
179
99
500
101
1194
1195
151
506
110
138
279
105
443
174
109
1193
462
1185
526
112
318
106
324
111
113
1200
116
674
1201
184
117
755
119
134
118
120
1204
123
124
129
1198
524
239
1203
140
131
139
133
34
136
137
142
380
141
143
144
393
1154
343
764
152
1214
1217
1216
456
147
1180
145
149
146
460
148
164
212
307
150
1219
616
1220
273
233
158
296
154
159
1218
160
301
155
161
202
162
1226
310
1225
673
451
373
165
166
350
168
387
167
1215
169
172
126
312
1229
173
237
178
180
1228
190
1223
223
192
255
397
189
354
188
191
186
193
201
1241
175
195
391
1239
1242
194
196
198
197
199
624
326
1210
498
346
269
176
182
1244
297
1245
523
203
208
207
209
252
213
1159
219
1243
922
204
210
468
646
211
1250
214
216
1240
1251
215
217
1150
218
221
222
225
1254
1253
236
228
227
229
78
1248
549
687
251
316
254
238
257
256
258
263
231
242
234
240
1181
280
1172
389
259
260
1260
271
415
1275
1272
356
1190
1276
244
265
420
248
264
267
261
266
268
1279
429
275
352
270
1258
286
1235
246
272
276
1280
455
1277
305
288
287
1283
289
1096
127
464
285
290
1291
292
622
283
1164
1290
449
291
293
294
295
1273
298
1289
1293
332
643
299
302
347
313
924
1211
693
304
306
1183
1186
402
328
315
532
370
488
319
277
321
329
330
1292
308
492
317
1296
770
1157
325
547
614
278
1299
1281
334
342
331
333
335
344
351
1313
1314
805
337
1256
339
338
1311
311
336
340
341
1317
1209
1231
348
1316
345
600
360
1315
359
362
1182
361
691
358
363
1328
1230
579
1327
364
355
322
365
1318
366
367
574
368
371
1329
404
1326
372
519
377
379
1330
423
405
403
1300
375
406
386
746
1312
392
1146
427
401
1205
388
727
323
394
512
1158
407
416
349
390
408
833
425
760
535
381
417
1350
1348
656
424
1351
453
410
411
409
284
412
413
418
414
1354
185
1353
421
428
426
1236
433
353
543
432
1015
435
281
1352
824
431
434
436
1364
1365
1355
438
437
1197
422
1302
1213
1319
439
440
552
441
444
445
670
395
448
1349
1363
450
452
475
1367
459
689
1168
612
454
461
1234
1336
463
1366
1307
430
1187
1255
384
990
476
1332
1341
607
502
282
499
477
1360
478
629
480
465
1358
1282
620
796
474
357
479
1359
481
493
490
702
1257
457
1387
483
1385
485
1196
1266
1388
1261
489
496
1321
1297
484
1333
467
530
482
486
487
1304
494
495
1391
508
553
1295
1222
250
513
676
1389
1390
1374
507
510
562
1051
469
1259
533
1207
503
1397
577
509
504
1156
511
1403
1373
1009
491
1402
647
1278
520
528
515
327
514
729
516
517
518
1405
521
522
527
1238
1171
529
1356
525
554
751
847
541
1298
1406
569
563
1286
556
877
531
1400
1161
534
551
536
538
1206
472
396
470
542
557
555
1249
540
1335
603
544
548
558
1412
699
697
597
1410
1386
559
715
1419
605
570
1308
560
1002
1274
571
1424
650
725
1331
1428
565
798
1427
934
580
564
578
862
567
561
1408
566
1247
1284
573
568
546
471
1432
1431
806
587
720
596
1418
583
685
575
1429
572
1376
586
1285
642
589
1392
585
835
576
588
590
1357
1442
793
962
1221
591
1372
473
911
723
1443
1090
1271
1435
593
592
594
398
970
595
1445
598
1444
599
604
1301
606
1269
1320
1322
632
602
1449
399
669
631
749
1441
608
1237
1094
613
1267
634
753
1425
654
1287
1411
615
1368
617
628
756
611
651
747
680
652
1454
619
719
820
400
630
633
621
635
1465
1413
644
1463
637
1466
645
636
1371
885
638
1450
639
695
1100
625
640
641
1469
832
648
1468
660
1467
1252
758
662
659
661
1160
658
663
1480
665
1479
1337
667
1086
819
1233
678
664
1323
666
668
1482
550
1370
649
1464
837
671
497
1481
672
1232
675
686
682
1407
1478
705
677
704
581
692
1343
679
501
655
584
1265
792
703
879
688
1394
681
694
919
684
1153
994
707
863
716
800
1382
843
1369
789
701
706
742
1489
708
1474
1502
1436
881
1007
1503
710
712
717
869
1288
711
839
690
1500
1188
696
713
709
714
1345
1484
1505
849
1421
721
743
953
724
653
726
722
1155
730
1506
1361
733
735
732
853
1447
1504
1073
828
870
1512
1509
731
734
736
1338
1517
1516
738
830
1324
737
1083
1310
739
1433
740
623
1344
775
741
626
744
1519
778
1518
1362
745
1515
1488
1451
750
774
1395
748
752
754
777
776
759
627
761
763
1491
582
698
718
855
1438
1380
1077
780
779
781
771
1539
1325
728
788
910
1540
765
1393
1305
1081
783
767
790
1347
1452
1537
784
1490
1470
930
786
799
782
1119
1309
657
852
1487
1511
791
797
1383
1459
989
757
1035
920
812
915
785
787
823
1542
1543
1262
807
813
1453
1501
841
801
1399
808
907
809
1145
1496
1049
1520
1485
1036
826
794
802
1472
810
1541
804
811
1555
815
817
1554
814
816
1545
1005
818
821
822
827
1264
1437
825
1558
1552
829
1557
1384
836
1415
831
1401
842
844
854
906
834
838
795
840
1404
878
913
1416
848
857
1532
846
966
856
1567
858
960
1246
972
1013
859
1375
851
860
850
1378
886
1483
1579
1580
883
864
1339
1530
772
871
866
1576
1460
1574
880
1544
803
1494
1446
1577
865
1538
1549
1047
1565
932
928
861
867
1208
872
868
1346
1045
873
874
1583
926
875
896
1022
917
876
1581
884
993
956
889
890
895
1584
1268
887
898
769
882
1430
897
899
1586
1526
900
1597
901
1598
936
902
1118
903
1379
904
1420
905
1306
908
964
1040
1000
1072
909
912
923
1461
914
939
1085
957
916
1563
773
1600
892
1434
1132
929
1599
925
918
941
952
942
888
940
943
931
700
1564
1128
927
944
1123
1596
935
1521
1527
938
1011
1174
1589
921
1270
961
933
945
937
963
1621
1019
948
954
969
1039
1498
893
1620
947
1476
1605
1102
1426
1618
949
946
950
1595
1562
951
996
1471
1623
1609
1134
1624
958
1608
959
980
979
955
1334
976
967
982
1149
1622
1570
1523
973
1457
965
981
978
983
1637
1638
1629
985
987
1076
984
1126
1092
998
986
1522
988
1043
1055
991
992
1525
1088
1640
1003
995
1006
997
999
1001
1639
1604
1202
1417
1004
1592
1012
1014
1023
1016
1008
1024
1010
1018
1046
1531
1020
1025
1632
1026
1398
1510
1027
1497
1636
1628
1021
1028
1613
1661
1439
1303
1660
1607
1053
1037
1038
1528
1658
1031
1030
1645
1029
971
1455
1032
1033
1034
1041
1044
1663
1062
1561
1042
1662
1664
1625
1534
1573
1050
891
1122
1061
1079
1063
1601
1486
1138
1064
977
1224
1668
1052
1643
1048
1054
1065
894
1626
1056
1066
1136
1492
1677
1423
1524
1667
1058
1678
1409
1548
1593
975
1067
1671
1655
1414
1069
1068
1070
974
1071
1130
1547
1680
1074
1591
1635
1075
1422
1473
1080
1078
1587
1652
1617
1082
1084
1560
1089
1091
1340
1572
1199
1673
1108
1614
1440
1093
1556
1603
1679
1095
1110
1590
1127
1105
1641
1631
1087
1097
1458
1676
1612
1106
1553
1566
1686
1514
1654
1683
1104
1642
1602
1684
1646
1101
1107
1098
1477
1689
1099
1513
1212
1103
1585
1670
1060
1129
1475
1688
1109
1111
1571
1693
1681
1135
1529
1634
1568
1700
1666
1059
1462
1656
1695
1701
1120
1698
1616
1578
1112
1559
1594
1227
1114
1588
1113
1615
1115
1116
1550
1651
1675
1533
1448
1117
1057
1499
1582
1644
1121
1630
1692
1495
1647
1131
1456
1493
1665
1137
1377
1124
1685
1125
1650
1649
1704
1606
1682
1569
1610
1705
1396
1133
1653
1648
1710
1140
1694
1139
1687
1611
1507
1696
1706
1691
1142
1536
1674
1575
1699
1669
1703
1702
1143
1263
1633
1177
1141
1707
1508
1712
1709
1711
1546
1535
1690
1627
1619
1381
1714
1657
1672
1551
1294
1713
1342
1715
1659
1708
1697
