0
5
6
1
3
7
2
4
8
9
2947
2948
14
15
10
12
16
11
13
17
18
2951
2952
23
24
19
21
25
20
22
26
27
2955
2956
32
33
28
30
34
29
31
35
36
2959
2960
41
42
37
39
43
38
40
44
45
2963
2964
50
51
46
48
52
47
49
53
54
2967
2968
59
60
55
57
61
56
58
62
63
2971
2972
68
69
64
66
70
65
67
71
72
2975
2976
73
2944
74
77
78
79
75
76
80
81
2979
2980
84
85
86
82
83
87
88
2982
2983
91
92
93
89
90
94
95
2985
2986
98
99
100
96
97
101
102
2988
2989
105
106
107
103
104
108
109
2991
2992
112
113
114
110
111
115
116
2994
2995
119
120
121
117
118
122
123
2997
2998
126
127
128
124
125
129
130
3000
3001
131
2977
132
135
136
137
133
134
138
139
3004
3005
142
143
144
140
141
145
146
3007
3008
149
150
151
147
148
152
153
3010
3011
156
157
158
154
155
159
160
3013
3014
163
164
165
161
162
166
167
3016
3017
170
171
172
168
169
173
174
3019
3020
177
178
179
175
176
180
181
3022
3023
184
185
186
182
183
187
188
3025
3026
189
3002
190
193
194
195
191
192
196
197
3029
3030
200
201
202
198
199
203
204
3032
3033
207
208
209
205
206
210
211
3035
3036
214
215
216
212
213
217
218
3038
3039
221
222
223
219
220
224
225
3041
3042
228
229
230
226
227
231
232
3044
3045
235
236
237
233
234
238
239
3047
3048
242
243
244
240
241
245
246
3050
3051
247
3027
248
251
252
253
249
250
254
255
3054
3055
258
259
260
256
257
261
262
3057
3058
265
266
267
263
264
268
269
3060
3061
272
273
274
270
271
275
276
3063
3064
279
280
281
277
278
282
283
3066
3067
286
287
288
284
285
289
290
3069
3070
293
294
295
291
292
296
297
3072
3073
300
301
302
298
299
303
304
3075
3076
305
3052
306
309
310
311
307
308
312
313
3079
3080
316
317
318
314
315
319
320
3082
3083
323
324
325
321
322
326
327
3085
3086
330
331
332
328
329
333
334
3088
3089
337
338
339
335
336
340
341
3091
3092
344
345
346
342
343
347
348
3094
3095
351
352
353
349
350
354
355
3097
3098
358
359
360
356
357
361
362
3100
3101
363
3077
364
367
368
369
365
366
370
371
3104
3105
374
375
376
372
373
377
378
3107
3108
381
382
383
379
380
384
385
3110
3111
388
389
390
386
387
391
392
3113
3114
395
396
397
393
394
398
399
3116
3117
402
403
404
400
401
405
406
3119
3120
409
410
411
407
408
412
413
3122
3123
416
417
418
414
415
419
420
3125
3126
421
3102
422
425
426
427
2945
423
424
428
429
3129
3130
432
433
434
2949
430
431
435
436
3132
3133
439
440
441
2953
437
438
442
443
3135
3136
446
447
448
2957
444
445
449
450
3138
3139
453
454
455
2961
451
452
456
457
3141
3142
460
461
462
2965
458
459
463
464
3144
3145
467
468
469
2969
465
466
470
471
3147
3148
474
475
476
2973
472
473
477
478
3150
3151
479
3127
480
483
484
486
481
482
485
487
3154
3155
490
491
493
488
489
492
494
3157
3158
497
498
500
495
496
499
501
3160
3161
504
505
507
502
503
506
508
3163
3164
511
512
514
509
510
513
515
3166
3167
518
519
521
516
517
520
522
3169
3170
525
526
528
523
524
527
529
3172
3173
532
533
535
530
531
534
536
3175
3176
537
3152
538
539
540
541
542
543
3178
3179
544
545
546
547
548
3180
3181
549
550
551
552
553
3182
3183
554
555
556
557
558
3184
3185
559
560
561
562
563
3186
3187
564
565
566
567
568
3188
3189
569
570
571
572
573
3190
3191
574
575
576
577
578
3192
3193
579
3177
580
581
582
583
584
585
3195
3196
586
587
588
589
590
3197
3198
591
592
593
594
595
3199
3200
596
597
598
599
600
3201
3202
601
602
603
604
605
3203
3204
606
607
608
609
610
3205
3206
611
612
613
614
615
3207
3208
616
617
618
619
620
3209
3210
621
3194
622
623
624
625
626
627
3212
3213
628
629
630
631
632
3214
3215
633
634
635
636
637
3216
3217
638
639
640
641
642
3218
3219
643
644
645
646
647
3220
3221
648
649
650
651
652
3222
3223
653
654
655
656
657
3224
3225
658
659
660
661
662
3226
3227
663
3211
664
665
666
667
668
669
3229
3230
670
671
672
673
674
3231
3232
675
676
677
678
679
3233
3234
680
681
682
683
684
3235
3236
685
686
687
688
689
3237
3238
690
691
692
693
694
3239
3240
695
696
697
698
699
3241
3242
700
701
702
703
704
3243
3244
705
3228
706
707
708
709
710
711
3246
3247
712
713
714
715
716
3248
3249
717
718
719
720
721
3250
3251
722
723
724
725
726
3252
3253
727
728
729
730
731
3254
3255
732
733
734
735
736
3256
3257
737
738
739
740
741
3258
3259
742
743
744
745
746
3260
3261
747
3245
748
749
750
751
752
753
3263
3264
754
755
756
757
758
3265
3266
759
760
761
762
763
3267
3268
764
765
766
767
768
3269
3270
769
770
771
772
773
3271
3272
774
775
776
777
778
3273
3274
779
780
781
782
783
3275
3276
784
785
786
787
788
3277
3278
789
3262
790
791
792
793
3153
794
795
3280
3281
796
797
798
3156
799
800
3282
3283
801
802
803
3159
804
805
3284
3285
806
807
808
3162
809
810
3286
3287
811
812
813
3165
814
815
3288
3289
816
817
818
3168
819
820
3290
3291
821
822
823
3171
824
825
3292
3293
826
827
828
3174
829
830
3294
3295
831
3279
832
835
836
838
833
834
837
839
3298
3299
842
843
845
840
841
844
846
3301
3302
849
850
852
847
848
851
853
3304
3305
856
857
859
854
855
858
860
3307
3308
863
864
866
861
862
865
867
3310
3311
870
871
873
868
869
872
874
3313
3314
877
878
880
875
876
879
881
3316
3317
884
885
887
882
883
886
888
3319
3320
889
3296
890
891
892
893
894
895
3322
3323
896
897
898
899
900
3324
3325
901
902
903
904
905
3326
3327
906
907
908
909
910
3328
3329
911
912
913
914
915
3330
3331
916
917
918
919
920
3332
3333
921
922
923
924
925
3334
3335
926
927
928
929
930
3336
3337
931
3321
932
933
934
935
936
937
3339
3340
938
939
940
941
942
3341
3342
943
944
945
946
947
3343
3344
948
949
950
951
952
3345
3346
953
954
955
956
957
3347
3348
958
959
960
961
962
3349
3350
963
964
965
966
967
3351
3352
968
969
970
971
972
3353
3354
973
3338
974
975
976
977
978
979
3356
3357
980
981
982
983
984
3358
3359
985
986
987
988
989
3360
3361
990
991
992
993
994
3362
3363
995
996
997
998
999
3364
3365
1000
1001
1002
1003
1004
3366
3367
1005
1006
1007
1008
1009
3368
3369
1010
1011
1012
1013
1014
3370
3371
1015
3355
1016
1017
1018
1019
1020
1021
3373
3374
1022
1023
1024
1025
1026
3375
3376
1027
1028
1029
1030
1031
3377
3378
1032
1033
1034
1035
1036
3379
3380
1037
1038
1039
1040
1041
3381
3382
1042
1043
1044
1045
1046
3383
3384
1047
1048
1049
1050
1051
3385
3386
1052
1053
1054
1055
1056
3387
3388
1057
3372
1058
1059
1060
1061
1062
1063
3390
3391
1064
1065
1066
1067
1068
3392
3393
1069
1070
1071
1072
1073
3394
3395
1074
1075
1076
1077
1078
3396
3397
1079
1080
1081
1082
1083
3398
3399
1084
1085
1086
1087
1088
3400
3401
1089
1090
1091
1092
1093
3402
3403
1094
1095
1096
1097
1098
3404
3405
1099
3389
1100
1101
1102
1103
1104
1105
3407
3408
1106
1107
1108
1109
1110
3409
3410
1111
1112
1113
1114
1115
3411
3412
1116
1117
1118
1119
1120
3413
3414
1121
1122
1123
1124
1125
3415
3416
1126
1127
1128
1129
1130
3417
3418
1131
1132
1133
1134
1135
3419
3420
1136
1137
1138
1139
1140
3421
3422
1141
3406
1142
1143
1144
1145
3297
1146
1147
3424
3425
1148
1149
1150
3300
1151
1152
3426
3427
1153
1154
1155
3303
1156
1157
3428
3429
1158
1159
1160
3306
1161
1162
3430
3431
1163
1164
1165
3309
1166
1167
3432
3433
1168
1169
1170
3312
1171
1172
3434
3435
1173
1174
1175
3315
1176
1177
3436
3437
1178
1179
1180
3318
1181
1182
3438
3439
1183
3423
1184
1187
1188
1190
1185
1186
1189
1191
3442
3443
1194
1195
1197
1192
1193
1196
1198
3445
3446
1201
1202
1204
1199
1200
1203
1205
3448
3449
1208
1209
1211
1206
1207
1210
1212
3451
3452
1215
1216
1218
1213
1214
1217
1219
3454
3455
1222
1223
1225
1220
1221
1224
1226
3457
3458
1229
1230
1232
1227
1228
1231
1233
3460
3461
1236
1237
1239
1234
1235
1238
1240
3463
3464
1241
3440
1242
1243
1244
1245
1246
1247
3466
3467
1248
1249
1250
1251
1252
3468
3469
1253
1254
1255
1256
1257
3470
3471
1258
1259
1260
1261
1262
3472
3473
1263
1264
1265
1266
1267
3474
3475
1268
1269
1270
1271
1272
3476
3477
1273
1274
1275
1276
1277
3478
3479
1278
1279
1280
1281
1282
3480
3481
1283
3465
1284
1285
1286
1287
1288
1289
3483
3484
1290
1291
1292
1293
1294
3485
3486
1295
1296
1297
1298
1299
3487
3488
1300
1301
1302
1303
1304
3489
3490
1305
1306
1307
1308
1309
3491
3492
1310
1311
1312
1313
1314
3493
3494
1315
1316
1317
1318
1319
3495
3496
1320
1321
1322
1323
1324
3497
3498
1325
3482
1326
1327
1328
1329
1330
1331
3500
3501
1332
1333
1334
1335
1336
3502
3503
1337
1338
1339
1340
1341
3504
3505
1342
1343
1344
1345
1346
3506
3507
1347
1348
1349
1350
1351
3508
3509
1352
1353
1354
1355
1356
3510
3511
1357
1358
1359
1360
1361
3512
3513
1362
1363
1364
1365
1366
3514
3515
1367
3499
1368
1369
1370
1371
1372
1373
3517
3518
1374
1375
1376
1377
1378
3519
3520
1379
1380
1381
1382
1383
3521
3522
1384
1385
1386
1387
1388
3523
3524
1389
1390
1391
1392
1393
3525
3526
1394
1395
1396
1397
1398
3527
3528
1399
1400
1401
1402
1403
3529
3530
1404
1405
1406
1407
1408
3531
3532
1409
3516
1410
1411
1412
1413
1414
1415
3534
3535
1416
1417
1418
1419
1420
3536
3537
1421
1422
1423
1424
1425
3538
3539
1426
1427
1428
1429
1430
3540
3541
1431
1432
1433
1434
1435
3542
3543
1436
1437
1438
1439
1440
3544
3545
1441
1442
1443
1444
1445
3546
3547
1446
1447
1448
1449
1450
3548
3549
1451
3533
1452
1453
1454
1455
1456
1457
3551
3552
1458
1459
1460
1461
1462
3553
3554
1463
1464
1465
1466
1467
3555
3556
1468
1469
1470
1471
1472
3557
3558
1473
1474
1475
1476
1477
3559
3560
1478
1479
1480
1481
1482
3561
3562
1483
1484
1485
1486
1487
3563
3564
1488
1489
1490
1491
1492
3565
3566
1493
3550
1494
1495
1496
1497
3441
1498
1499
3568
3569
1500
1501
1502
3444
1503
1504
3570
3571
1505
1506
1507
3447
1508
1509
3572
3573
1510
1511
1512
3450
1513
1514
3574
3575
1515
1516
1517
3453
1518
1519
3576
3577
1520
1521
1522
3456
1523
1524
3578
3579
1525
1526
1527
3459
1528
1529
3580
3581
1530
1531
1532
3462
1533
1534
3582
3583
1535
3567
1536
1539
1540
1542
1537
1538
1541
1543
3586
3587
1546
1547
1549
1544
1545
1548
1550
3589
3590
1553
1554
1556
1551
1552
1555
1557
3592
3593
1560
1561
1563
1558
1559
1562
1564
3595
3596
1567
1568
1570
1565
1566
1569
1571
3598
3599
1574
1575
1577
1572
1573
1576
1578
3601
3602
1581
1582
1584
1579
1580
1583
1585
3604
3605
1588
1589
1591
1586
1587
1590
1592
3607
3608
1593
3584
1594
1595
1596
1597
1598
1599
3610
3611
1600
1601
1602
1603
1604
3612
3613
1605
1606
1607
1608
1609
3614
3615
1610
1611
1612
1613
1614
3616
3617
1615
1616
1617
1618
1619
3618
3619
1620
1621
1622
1623
1624
3620
3621
1625
1626
1627
1628
1629
3622
3623
1630
1631
1632
1633
1634
3624
3625
1635
3609
1636
1637
1638
1639
1640
1641
3627
3628
1642
1643
1644
1645
1646
3629
3630
1647
1648
1649
1650
1651
3631
3632
1652
1653
1654
1655
1656
3633
3634
1657
1658
1659
1660
1661
3635
3636
1662
1663
1664
1665
1666
3637
3638
1667
1668
1669
1670
1671
3639
3640
1672
1673
1674
1675
1676
3641
3642
1677
3626
1678
1679
1680
1681
1682
1683
3644
3645
1684
1685
1686
1687
1688
3646
3647
1689
1690
1691
1692
1693
3648
3649
1694
1695
1696
1697
1698
3650
3651
1699
1700
1701
1702
1703
3652
3653
1704
1705
1706
1707
1708
3654
3655
1709
1710
1711
1712
1713
3656
3657
1714
1715
1716
1717
1718
3658
3659
1719
3643
1720
1721
1722
1723
1724
1725
3661
3662
1726
1727
1728
1729
1730
3663
3664
1731
1732
1733
1734
1735
3665
3666
1736
1737
1738
1739
1740
3667
3668
1741
1742
1743
1744
1745
3669
3670
1746
1747
1748
1749
1750
3671
3672
1751
1752
1753
1754
1755
3673
3674
1756
1757
1758
1759
1760
3675
3676
1761
3660
1762
1763
1764
1765
1766
1767
3678
3679
1768
1769
1770
1771
1772
3680
3681
1773
1774
1775
1776
1777
3682
3683
1778
1779
1780
1781
1782
3684
3685
1783
1784
1785
1786
1787
3686
3687
1788
1789
1790
1791
1792
3688
3689
1793
1794
1795
1796
1797
3690
3691
1798
1799
1800
1801
1802
3692
3693
1803
3677
1804
1805
1806
1807
1808
1809
3695
3696
1810
1811
1812
1813
1814
3697
3698
1815
1816
1817
1818
1819
3699
3700
1820
1821
1822
1823
1824
3701
3702
1825
1826
1827
1828
1829
3703
3704
1830
1831
1832
1833
1834
3705
3706
1835
1836
1837
1838
1839
3707
3708
1840
1841
1842
1843
1844
3709
3710
1845
3694
1846
1847
1848
1849
3585
1850
1851
3712
3713
1852
1853
1854
3588
1855
1856
3714
3715
1857
1858
1859
3591
1860
1861
3716
3717
1862
1863
1864
3594
1865
1866
3718
3719
1867
1868
1869
3597
1870
1871
3720
3721
1872
1873
1874
3600
1875
1876
3722
3723
1877
1878
1879
3603
1880
1881
3724
3725
1882
1883
1884
3606
1885
1886
3726
3727
1887
3711
1888
1891
1892
1894
1889
1890
1893
1895
3730
3731
1898
1899
1901
1896
1897
1900
1902
3733
3734
1905
1906
1908
1903
1904
1907
1909
3736
3737
1912
1913
1915
1910
1911
1914
1916
3739
3740
1919
1920
1922
1917
1918
1921
1923
3742
3743
1926
1927
1929
1924
1925
1928
1930
3745
3746
1933
1934
1936
1931
1932
1935
1937
3748
3749
1940
1941
1943
1938
1939
1942
1944
3751
3752
1945
3728
1946
1947
1948
1949
1950
1951
3754
3755
1952
1953
1954
1955
1956
3756
3757
1957
1958
1959
1960
1961
3758
3759
1962
1963
1964
1965
1966
3760
3761
1967
1968
1969
1970
1971
3762
3763
1972
1973
1974
1975
1976
3764
3765
1977
1978
1979
1980
1981
3766
3767
1982
1983
1984
1985
1986
3768
3769
1987
3753
1988
1989
1990
1991
1992
1993
3771
3772
1994
1995
1996
1997
1998
3773
3774
1999
2000
2001
2002
2003
3775
3776
2004
2005
2006
2007
2008
3777
3778
2009
2010
2011
2012
2013
3779
3780
2014
2015
2016
2017
2018
3781
3782
2019
2020
2021
2022
2023
3783
3784
2024
2025
2026
2027
2028
3785
3786
2029
3770
2030
2031
2032
2033
2034
2035
3788
3789
2036
2037
2038
2039
2040
3790
3791
2041
2042
2043
2044
2045
3792
3793
2046
2047
2048
2049
2050
3794
3795
2051
2052
2053
2054
2055
3796
3797
2056
2057
2058
2059
2060
3798
3799
2061
2062
2063
2064
2065
3800
3801
2066
2067
2068
2069
2070
3802
3803
2071
3787
2072
2073
2074
2075
2076
2077
3805
3806
2078
2079
2080
2081
2082
3807
3808
2083
2084
2085
2086
2087
3809
3810
2088
2089
2090
2091
2092
3811
3812
2093
2094
2095
2096
2097
3813
3814
2098
2099
2100
2101
2102
3815
3816
2103
2104
2105
2106
2107
3817
3818
2108
2109
2110
2111
2112
3819
3820
2113
3804
2114
2115
2116
2117
2118
2119
3822
3823
2120
2121
2122
2123
2124
3824
3825
2125
2126
2127
2128
2129
3826
3827
2130
2131
2132
2133
2134
3828
3829
2135
2136
2137
2138
2139
3830
3831
2140
2141
2142
2143
2144
3832
3833
2145
2146
2147
2148
2149
3834
3835
2150
2151
2152
2153
2154
3836
3837
2155
3821
2156
2157
2158
2159
2160
2161
3839
3840
2162
2163
2164
2165
2166
3841
3842
2167
2168
2169
2170
2171
3843
3844
2172
2173
2174
2175
2176
3845
3846
2177
2178
2179
2180
2181
3847
3848
2182
2183
2184
2185
2186
3849
3850
2187
2188
2189
2190
2191
3851
3852
2192
2193
2194
2195
2196
3853
3854
2197
3838
2198
2199
2200
2201
3729
2202
2203
3856
3857
2204
2205
2206
3732
2207
2208
3858
3859
2209
2210
2211
3735
2212
2213
3860
3861
2214
2215
2216
3738
2217
2218
3862
3863
2219
2220
2221
3741
2222
2223
3864
3865
2224
2225
2226
3744
2227
2228
3866
3867
2229
2230
2231
3747
2232
2233
3868
3869
2234
2235
2236
3750
2237
2238
3870
3871
2239
3855
2240
2243
2244
2246
2241
2242
2245
2247
3874
3875
2250
2251
2253
2248
2249
2252
2254
3877
3878
2257
2258
2260
2255
2256
2259
2261
3880
3881
2264
2265
2267
2262
2263
2266
2268
3883
3884
2271
2272
2274
2269
2270
2273
2275
3886
3887
2278
2279
2281
2276
2277
2280
2282
3889
3890
2285
2286
2288
2283
2284
2287
2289
3892
3893
2292
2293
2295
2290
2291
2294
2296
3895
3896
2297
3872
2298
2299
2300
2301
2302
2303
3898
3899
2304
2305
2306
2307
2308
3900
3901
2309
2310
2311
2312
2313
3902
3903
2314
2315
2316
2317
2318
3904
3905
2319
2320
2321
2322
2323
3906
3907
2324
2325
2326
2327
2328
3908
3909
2329
2330
2331
2332
2333
3910
3911
2334
2335
2336
2337
2338
3912
3913
2339
3897
2340
2341
2342
2343
2344
2345
3915
3916
2346
2347
2348
2349
2350
3917
3918
2351
2352
2353
2354
2355
3919
3920
2356
2357
2358
2359
2360
3921
3922
2361
2362
2363
2364
2365
3923
3924
2366
2367
2368
2369
2370
3925
3926
2371
2372
2373
2374
2375
3927
3928
2376
2377
2378
2379
2380
3929
3930
2381
3914
2382
2383
2384
2385
2386
2387
3932
3933
2388
2389
2390
2391
2392
3934
3935
2393
2394
2395
2396
2397
3936
3937
2398
2399
2400
2401
2402
3938
3939
2403
2404
2405
2406
2407
3940
3941
2408
2409
2410
2411
2412
3942
3943
2413
2414
2415
2416
2417
3944
3945
2418
2419
2420
2421
2422
3946
3947
2423
3931
2424
2425
2426
2427
2428
2429
3949
3950
2430
2431
2432
2433
2434
3951
3952
2435
2436
2437
2438
2439
3953
3954
2440
2441
2442
2443
2444
3955
3956
2445
2446
2447
2448
2449
3957
3958
2450
2451
2452
2453
2454
3959
3960
2455
2456
2457
2458
2459
3961
3962
2460
2461
2462
2463
2464
3963
3964
2465
3948
2466
2467
2468
2469
2470
2471
3966
3967
2472
2473
2474
2475
2476
3968
3969
2477
2478
2479
2480
2481
3970
3971
2482
2483
2484
2485
2486
3972
3973
2487
2488
2489
2490
2491
3974
3975
2492
2493
2494
2495
2496
3976
3977
2497
2498
2499
2500
2501
3978
3979
2502
2503
2504
2505
2506
3980
3981
2507
3965
2508
2509
2510
2511
2512
2513
3983
3984
2514
2515
2516
2517
2518
3985
3986
2519
2520
2521
2522
2523
3987
3988
2524
2525
2526
2527
2528
3989
3990
2529
2530
2531
2532
2533
3991
3992
2534
2535
2536
2537
2538
3993
3994
2539
2540
2541
2542
2543
3995
3996
2544
2545
2546
2547
2548
3997
3998
2549
3982
2550
2551
2552
2553
3873
2554
2555
4000
4001
2556
2557
2558
3876
2559
2560
4002
4003
2561
2562
2563
3879
2564
2565
4004
4005
2566
2567
2568
3882
2569
2570
4006
4007
2571
2572
2573
3885
2574
2575
4008
4009
2576
2577
2578
3888
2579
2580
4010
4011
2581
2582
2583
3891
2584
2585
4012
4013
2586
2587
2588
3894
2589
2590
4014
4015
2591
3999
2592
2595
2596
2598
2946
2593
2594
2597
2599
4018
4019
2602
2603
2605
2950
2600
2601
2604
2606
4021
4022
2609
2610
2612
2954
2607
2608
2611
2613
4024
4025
2616
2617
2619
2958
2614
2615
2618
2620
4027
4028
2623
2624
2626
2962
2621
2622
2625
2627
4030
4031
2630
2631
2633
2966
2628
2629
2632
2634
4033
4034
2637
2638
2640
2970
2635
2636
2639
2641
4036
4037
2644
2645
2647
2974
2642
2643
2646
2648
4039
4040
2649
4016
2650
2651
2652
2653
2654
2978
2655
4042
4043
2656
2657
2658
2659
2981
2660
4044
4045
2661
2662
2663
2664
2984
2665
4046
4047
2666
2667
2668
2669
2987
2670
4048
4049
2671
2672
2673
2674
2990
2675
4050
4051
2676
2677
2678
2679
2993
2680
4052
4053
2681
2682
2683
2684
2996
2685
4054
4055
2686
2687
2688
2689
2999
2690
4056
4057
2691
4041
2692
2693
2694
2695
2696
3003
2697
4059
4060
2698
2699
2700
2701
3006
2702
4061
4062
2703
2704
2705
2706
3009
2707
4063
4064
2708
2709
2710
2711
3012
2712
4065
4066
2713
2714
2715
2716
3015
2717
4067
4068
2718
2719
2720
2721
3018
2722
4069
4070
2723
2724
2725
2726
3021
2727
4071
4072
2728
2729
2730
2731
3024
2732
4073
4074
2733
4058
2734
2735
2736
2737
2738
3028
2739
4076
4077
2740
2741
2742
2743
3031
2744
4078
4079
2745
2746
2747
2748
3034
2749
4080
4081
2750
2751
2752
2753
3037
2754
4082
4083
2755
2756
2757
2758
3040
2759
4084
4085
2760
2761
2762
2763
3043
2764
4086
4087
2765
2766
2767
2768
3046
2769
4088
4089
2770
2771
2772
2773
3049
2774
4090
4091
2775
4075
2776
2777
2778
2779
2780
3053
2781
4093
4094
2782
2783
2784
2785
3056
2786
4095
4096
2787
2788
2789
2790
3059
2791
4097
4098
2792
2793
2794
2795
3062
2796
4099
4100
2797
2798
2799
2800
3065
2801
4101
4102
2802
2803
2804
2805
3068
2806
4103
4104
2807
2808
2809
2810
3071
2811
4105
4106
2812
2813
2814
2815
3074
2816
4107
4108
2817
4092
2818
2819
2820
2821
2822
3078
2823
4110
4111
2824
2825
2826
2827
3081
2828
4112
4113
2829
2830
2831
2832
3084
2833
4114
4115
2834
2835
2836
2837
3087
2838
4116
4117
2839
2840
2841
2842
3090
2843
4118
4119
2844
2845
2846
2847
3093
2848
4120
4121
2849
2850
2851
2852
3096
2853
4122
4123
2854
2855
2856
2857
3099
2858
4124
4125
2859
4109
2860
2861
2862
2863
2864
3103
2865
4127
4128
2866
2867
2868
2869
3106
2870
4129
4130
2871
2872
2873
2874
3109
2875
4131
4132
2876
2877
2878
2879
3112
2880
4133
4134
2881
2882
2883
2884
3115
2885
4135
4136
2886
2887
2888
2889
3118
2890
4137
4138
2891
2892
2893
2894
3121
2895
4139
4140
2896
2897
2898
2899
3124
2900
4141
4142
2901
4126
2902
2903
2904
2905
4017
2906
3128
2907
4144
4145
2908
2909
2910
4020
2911
3131
2912
4146
4147
2913
2914
2915
4023
2916
3134
2917
4148
4149
2918
2919
2920
4026
2921
3137
2922
4150
4151
2923
2924
2925
4029
2926
3140
2927
4152
4153
2928
2929
2930
4032
2931
3143
2932
4154
4155
2933
2934
2935
4035
2936
3146
2937
4156
4157
2938
2939
2940
4038
2941
3149
2942
4158
4159
2943
4143
