68
69
64
66
70
72
80
94
65
67
71
73
1784
81
95
62
75
82
84
96
98
102
74
1786
76
1785
83
85
1790
97
99
103
1798
63
78
87
91
100
105
108
118
77
1787
86
1792
88
1791
101
104
1802
106
1799
109
1800
119
79
90
93
111
120
122
126
89
1782
1783
1793
107
1788
1795
1803
110
1780
1804
112
1801
121
123
127
1810
92
115
124
129
132
142
113
1781
1789
1797
1805
125
128
1814
130
1811
133
1812
143
4
114
117
135
144
146
150
5
131
1807
1815
134
1816
136
1813
145
147
151
1822
2
6
8
18
116
139
148
153
156
473
3
7
9
1752
19
137
1809
1817
149
152
1826
154
1823
157
1824
474
0
11
20
22
26
138
141
159
166
475
477
489
10
1754
12
1753
21
23
27
1760
155
1794
1819
1827
158
1806
1828
160
1825
167
476
478
490
1988
1
15
24
29
32
42
140
168
170
174
466
479
481
492
495
521
13
1751
1755
25
28
1764
30
1761
33
1762
43
161
1796
1808
1821
1829
169
171
175
1834
480
482
491
1996
493
1989
496
1990
522
14
17
35
44
46
50
163
172
177
180
190
465
468
483
485
498
501
523
529
553
31
1757
1765
34
1749
1766
36
1763
45
47
51
1772
173
176
1838
178
1835
181
1836
191
484
486
494
1981
1997
497
1998
499
1991
502
1992
524
530
554
2012
16
39
48
53
56
162
165
183
192
194
198
467
470
487
504
507
514
525
531
537
556
565
37
1750
1759
1767
49
52
1776
54
1773
57
1774
179
1831
1839
182
1840
184
1837
193
195
199
1846
488
500
1983
1999
503
2000
505
1993
508
1994
526
532
538
555
2028
557
2013
566
2016
38
41
59
164
187
196
201
204
214
469
472
510
516
527
533
539
545
559
568
577
55
1769
1777
58
1756
1778
60
1775
185
1833
1841
197
200
1850
202
1847
205
1848
215
506
1985
2001
509
2002
511
1995
528
534
540
546
558
2029
560
2014
567
2032
569
2017
578
2020
40
186
189
207
216
218
222
471
518
535
541
547
562
571
580
589
609
61
1758
1771
1779
203
1768
1843
1851
206
1830
1852
208
1849
217
219
223
1858
512
1987
2003
536
542
548
561
2030
563
2015
570
2033
572
2018
579
2036
581
2021
590
2024
610
188
211
220
225
228
238
513
520
543
549
574
583
592
611
617
641
209
1770
1832
1845
1853
221
224
1862
226
1859
229
1860
239
544
550
564
2005
2031
573
2034
575
2019
582
2037
584
2022
591
1980
2040
593
2025
612
618
642
2052
210
213
231
240
242
246
515
551
586
595
602
613
619
625
644
653
227
1855
1863
230
1842
1864
232
1861
241
243
247
1870
552
576
2007
2035
585
2038
587
2023
594
1982
2041
596
2026
614
620
626
643
2068
645
2053
654
2056
212
235
244
249
252
262
517
598
604
615
621
627
633
647
656
665
233
1844
1857
1865
245
248
1874
250
1871
253
1872
263
588
2009
2039
597
1984
2042
599
2027
616
622
628
634
646
2069
648
2054
655
2072
657
2057
666
2060
234
237
255
264
266
270
519
606
623
629
635
650
659
668
677
697
251
1867
1875
254
1854
1876
256
1873
265
267
271
1882
600
1986
2011
2043
624
630
636
649
2070
651
2055
658
2073
660
2058
667
2076
669
2061
678
2064
698
236
259
268
273
276
329
601
608
631
637
662
671
680
699
705
729
257
1856
1869
1877
269
272
1886
274
1883
277
1884
330
632
638
652
2045
2071
661
2074
663
2059
670
2077
672
2062
679
2080
681
2065
700
706
730
2092
258
261
279
331
333
345
603
639
674
683
690
701
707
713
732
741
275
1879
1887
278
1866
1888
280
1885
332
334
346
1916
640
664
2047
2075
673
2078
675
2063
682
2081
684
2066
702
708
714
731
2108
733
2093
742
2096
260
322
335
337
348
351
605
686
692
703
709
715
721
735
744
753
893
281
1868
1881
1889
336
338
347
1924
349
1917
352
1918
676
2049
2079
685
2082
687
2067
704
710
716
722
734
2109
736
2094
743
2112
745
2097
754
2100
894
321
324
339
341
354
357
607
694
711
717
723
738
747
756
765
778
802
826
850
895
901
925
340
342
350
1909
1925
353
1926
355
1919
358
1920
688
2051
2083
712
718
724
737
2110
739
2095
746
2113
748
2098
755
2116
757
2101
766
2104
779
803
827
851
896
902
926
2188
323
326
343
360
363
689
696
719
725
750
759
768
780
784
804
808
828
832
852
856
886
897
903
909
928
937
344
356
1911
1927
359
1928
361
1921
364
1922
720
726
740
1908
2085
2111
749
2114
751
2099
758
2117
760
2102
767
2044
2120
769
2105
781
2125
785
805
2137
809
829
2149
833
853
2161
857
898
904
910
927
2204
929
2189
938
2192
325
328
366
691
727
762
771
777
786
790
801
810
814
825
834
838
849
858
862
888
899
905
911
917
931
940
949
362
1913
1929
365
1930
367
1923
728
752
1910
2087
2115
761
2118
763
2103
770
2046
2121
772
2106
782
2126
787
2128
791
806
2138
811
2140
815
830
2150
835
2152
839
854
2084
2162
859
2164
863
900
906
912
918
930
2205
932
2190
939
2208
941
2193
950
2196
327
693
774
783
792
796
807
816
820
831
840
844
855
864
868
873
874
890
907
913
919
934
943
952
961
981
368
1915
1931
764
1912
2089
2119
773
2048
2122
775
2107
788
2129
793
2131
797
812
2141
817
2143
821
836
2153
841
2155
845
860
2086
2165
865
2167
869
875
2124
2136
2148
2160
2173
908
914
920
933
2206
935
2191
942
2209
944
2194
951
2212
953
2197
962
2200
982
377
695
789
798
813
822
837
846
861
870
876
877
885
892
915
921
946
955
964
983
989
1013
378
776
1914
2050
2091
2123
794
2132
799
2134
818
2144
823
2146
842
2156
847
2158
866
2088
2168
871
2170
878
2127
2139
2151
2163
2175
916
922
936
2172
2181
2207
945
2210
947
2195
954
2213
956
2198
963
2004
2216
965
2201
984
990
1014
2228
379
381
393
795
819
843
867
879
880
887
923
958
967
974
985
991
997
1016
1025
380
382
394
1940
800
2135
824
2147
848
2159
872
2090
2171
881
2130
2142
2154
2166
2177
924
948
2174
2183
2211
957
2214
959
2199
966
2006
2217
968
2202
986
992
998
1015
2244
1017
2229
1026
2232
370
383
385
396
399
882
883
889
970
976
987
993
999
1005
1019
1028
1037
384
386
395
1948
397
1941
400
1942
884
2133
2145
2157
2169
2179
960
2176
2185
2215
969
2008
2218
971
2203
988
994
1000
1006
1018
2245
1020
2230
1027
2248
1029
2233
1038
2236
369
372
387
389
402
405
891
978
995
1001
1007
1022
1031
1040
1049
1062
1086
1110
1134
388
390
398
1933
1949
401
1950
403
1943
406
1944
972
2010
2178
2187
2219
996
1002
1008
1021
2246
1023
2231
1030
2249
1032
2234
1039
2252
1041
2237
1050
2240
1063
1087
1111
1135
371
374
391
408
411
973
980
1003
1009
1034
1043
1052
1064
1068
1088
1092
1112
1116
1136
1140
1177
392
404
1935
1951
407
1952
409
1945
412
1946
1004
1010
1024
1932
2221
2247
1033
2250
1035
2235
1042
2253
1044
2238
1051
2180
2256
1053
2241
1065
2261
1069
1089
2273
1093
1113
2285
1117
1137
2297
1141
1178
373
376
414
975
1011
1046
1055
1061
1070
1074
1085
1094
1098
1109
1118
1122
1133
1142
1146
1179
1181
1193
410
1937
1953
413
1954
415
1947
1012
1036
1934
2223
2251
1045
2254
1047
2239
1054
2182
2257
1056
2242
1066
2262
1071
2264
1075
1090
2274
1095
2276
1099
1114
2286
1119
2288
1123
1138
2220
2298
1143
2300
1147
1180
1182
1194
2324
375
977
1058
1067
1076
1080
1091
1100
1104
1115
1124
1128
1139
1148
1152
1157
1158
1170
1183
1185
1196
1199
1225
416
1939
1955
1048
1936
2225
2255
1057
2184
2258
1059
2243
1072
2265
1077
2267
1081
1096
2277
1101
2279
1105
1120
2289
1125
2291
1129
1144
2222
2301
1149
2303
1153
1159
2260
2272
2284
2296
2309
1184
1186
1195
2332
1197
2325
1200
2326
1226
979
1073
1082
1097
1106
1121
1130
1145
1154
1160
1161
1169
1172
1187
1189
1202
1205
1227
1233
1257
1060
1938
2186
2227
2259
1078
2268
1083
2270
1102
2280
1107
2282
1126
2292
1131
2294
1150
2224
2304
1155
2306
1162
2263
2275
2287
2299
2311
1188
1190
1198
2308
2317
2333
1201
2334
1203
2327
1206
2328
1228
1234
1258
2348
1079
1103
1127
1151
1163
1164
1171
1174
1191
1208
1211
1218
1229
1235
1241
1260
1269
1084
2271
1108
2283
1132
2295
1156
2226
2307
1165
2266
2278
2290
2302
2313
1192
1204
2310
2319
2335
1207
2336
1209
2329
1212
2330
1230
1236
1242
1259
2364
1261
2349
1270
2352
1166
1167
1173
1176
1214
1220
1231
1237
1243
1249
1263
1272
1281
1168
2269
2281
2293
2305
2315
1210
2312
2321
2337
1213
1818
2338
1215
2331
1232
1238
1244
1250
1262
2365
1264
2350
1271
2368
1273
2353
1282
2356
1175
1222
1239
1245
1251
1266
1275
1284
1293
1313
1216
1820
2314
2323
2339
1240
1246
1252
1265
2366
1267
2351
1274
2369
1276
2354
1283
2372
1285
2357
1294
2360
1314
425
1217
1224
1247
1253
1278
1287
1296
1315
1321
1345
426
1248
1254
1268
2341
2367
1277
2370
1279
2355
1286
2373
1288
2358
1295
2316
2376
1297
2361
1316
1322
1346
2388
427
429
441
1219
1255
1290
1299
1306
1317
1323
1329
1348
1357
428
430
442
1964
1256
1280
2343
2371
1289
2374
1291
2359
1298
2318
2377
1300
2362
1318
1324
1330
1347
2404
1349
2389
1358
2392
418
431
433
444
447
1221
1302
1308
1319
1325
1331
1337
1351
1360
1369
432
434
443
1972
445
1965
448
1966
1292
2345
2375
1301
2320
2378
1303
2363
1320
1326
1332
1338
1350
2405
1352
2390
1359
2408
1361
2393
1370
2396
417
420
435
437
450
453
1223
1310
1327
1333
1339
1354
1363
1372
1381
1401
436
438
446
1957
1973
449
1974
451
1967
454
1968
1304
2322
2347
2379
1328
1334
1340
1353
2406
1355
2391
1362
2409
1364
2394
1371
2412
1373
2397
1382
2400
1402
419
422
439
456
459
1305
1312
1335
1341
1366
1375
1384
1403
1409
1433
440
452
1959
1975
455
1976
457
1969
460
1970
1336
1342
1356
1956
2381
2407
1365
2410
1367
2395
1374
2413
1376
2398
1383
2340
2416
1385
2401
1404
1410
1434
2428
421
424
462
1307
1343
1378
1387
1394
1405
1411
1417
1436
1445
458
1961
1977
461
1978
463
1971
1344
1368
1958
2383
2411
1377
2414
1379
2399
1386
2342
2417
1388
2402
1406
1412
1418
1435
2444
1437
2429
1446
2432
423
1309
1390
1396
1407
1413
1419
1425
1439
1448
1457
464
1963
1979
1380
1960
2385
2415
1389
2344
2418
1391
2403
1408
1414
1420
1426
1438
2445
1440
2430
1447
2448
1449
2433
1458
2436
1311
1398
1415
1421
1427
1442
1451
1460
1469
1489
1392
1962
2346
2387
2419
1416
1422
1428
1441
2446
1443
2431
1450
2449
1452
2434
1459
2452
1461
2437
1470
2440
1490
1393
1400
1423
1429
1454
1463
1472
1491
1497
1521
1424
1430
1444
2421
2447
1453
2450
1455
2435
1462
2453
1464
2438
1471
2380
2456
1473
2441
1492
1498
1522
2468
1395
1431
1466
1475
1482
1493
1499
1505
1524
1533
1432
1456
2423
2451
1465
2454
1467
2439
1474
2382
2457
1476
2442
1494
1500
1506
1523
2484
1525
2469
1534
2472
1397
1478
1484
1495
1501
1507
1513
1527
1536
1545
1468
2425
2455
1477
2384
2458
1479
2443
1496
1502
1508
1514
1526
2485
1528
2470
1535
2488
1537
2473
1546
2476
1399
1486
1503
1509
1515
1530
1539
1548
1557
1577
1480
2386
2427
2459
1504
1510
1516
1529
2486
1531
2471
1538
2489
1540
2474
1547
2492
1549
2477
1558
2480
1578
1481
1488
1511
1517
1542
1551
1560
1579
1585
1609
1512
1518
1532
2461
2487
1541
2490
1543
2475
1550
2493
1552
2478
1559
2420
2496
1561
2481
1580
1586
1610
2508
1483
1519
1554
1563
1570
1581
1587
1593
1612
1621
1520
1544
2463
2491
1553
2494
1555
2479
1562
2422
2497
1564
2482
1582
1588
1594
1611
2524
1613
2509
1622
2512
1485
1566
1572
1583
1589
1595
1601
1615
1624
1633
1556
2465
2495
1565
2424
2498
1567
2483
1584
1590
1596
1602
1614
2525
1616
2510
1623
2528
1625
2513
1634
2516
1487
1574
1591
1597
1603
1618
1627
1636
1645
1665
1673
1681
1689
1568
2426
2467
2499
1592
1598
1604
1617
2526
1619
2511
1626
2529
1628
2514
1635
2532
1637
2517
1646
2520
1666
1674
1682
1690
1569
1576
1599
1605
1630
1639
1648
1667
1675
1683
1691
1697
1709
1721
1733
1600
1606
1620
2501
2527
1629
2530
1631
2515
1638
2533
1640
2518
1647
2460
2536
1649
2521
1668
1676
1684
1692
1698
2548
1710
2552
1722
2556
1734
2560
288
292
296
1571
1607
1642
1651
1658
1660
1662
1664
1669
1677
1685
1693
1700
1712
1724
1736
289
293
297
1608
1632
2503
2531
1641
2534
1643
2519
1650
2462
2537
1652
2522
1670
1678
1686
1694
1699
2564
1701
2549
1711
2568
1713
2553
1723
2572
1725
2557
1735
2500
2576
1737
2561
290
294
298
300
306
312
1573
1654
1671
1679
1687
1695
1703
1715
1727
1739
291
295
299
301
1896
307
1898
313
1900
1644
2505
2535
1653
2464
2538
1655
2523
1672
1680
1688
1696
1702
2565
1704
2550
1714
2569
1716
2554
1726
2573
1728
2558
1738
2502
2577
1740
2562
283
285
287
303
309
315
1575
1706
1718
1730
1742
302
1902
304
1897
308
1904
310
1899
314
1878
1906
316
1901
1656
2466
2507
2539
1705
2566
1707
2551
1717
2570
1719
2555
1729
2574
1731
2559
1741
2504
2578
1743
2563
282
284
286
1657
1659
1661
1663
305
1891
1903
311
1893
1905
317
1880
1895
1907
1708
2541
2567
1720
2543
2571
1732
2545
2575
1744
2506
2547
2579
318
1890
319
1892
320
1894
1745
2540
1746
2542
1747
2544
1748
2546
