1
2
58
107
156
205
3
4
59
108
157
206
5
6
10
11
60
61
65
109
110
114
158
159
163
207
208
212
286
287
359
360
432
433
7
8
12
13
62
63
66
111
112
115
160
161
1146
164
209
210
213
288
289
361
362
434
435
1249
0
14
15
57
67
68
106
116
117
155
165
166
204
214
215
285
291
292
358
364
365
431
437
438
505
9
1147
1148
16
17
64
1175
1176
69
70
113
1200
1201
118
119
162
1225
1226
167
168
1150
211
1250
1251
216
217
290
1290
1291
293
294
363
1327
1328
366
367
436
1364
1365
439
440
1252
506
507
508
512
586
587
659
660
732
733
18
1151
1152
71
1178
1179
120
1203
1204
169
1228
1229
218
1253
1254
295
1292
1293
368
1329
1330
441
1366
1367
509
510
513
588
589
661
662
734
735
1401
19
72
121
170
219
296
369
442
504
514
515
585
591
592
658
664
665
731
737
738
805
21
1144
74
1173
123
1198
172
1223
221
1248
298
1289
371
1326
444
1363
511
1402
1403
516
517
590
1442
1443
593
594
663
1479
1480
666
667
736
1516
1517
739
740
1404
806
20
73
122
171
220
297
370
443
807
808
812
896
897
979
980
1062
1063
22
75
124
173
222
299
372
445
518
1405
1406
595
1444
1445
668
1481
1482
741
1518
1519
809
1145
810
813
898
1174
899
981
1199
982
1064
1224
1065
1553
26
79
128
177
226
303
376
449
519
596
669
742
804
814
815
895
901
902
978
984
985
1061
1067
1068
27
1153
80
1180
129
1205
178
1230
227
1255
304
1294
377
1331
450
1368
521
1400
598
1441
671
1478
744
1515
811
1554
1555
816
1149
817
900
1597
1598
903
1177
904
983
1637
1638
986
1202
987
1066
1677
1678
1069
1227
1070
1556
23
24
28
76
77
81
125
126
130
174
175
179
223
224
228
300
301
305
373
374
378
446
447
451
520
597
670
743
25
1154
1156
29
1157
78
1181
1183
82
1184
127
1206
1208
131
1209
176
1231
1233
180
1234
225
1256
1258
229
1259
302
1295
1297
306
1298
375
1332
1334
379
1335
448
1369
1371
452
1372
522
599
672
745
818
1557
1558
905
1599
1600
988
1639
1640
1071
1679
1680
36
37
46
89
138
187
235
252
253
262
312
329
385
402
458
475
526
603
676
749
819
906
989
1072
38
39
47
90
139
188
236
254
255
263
313
330
386
403
459
476
527
1407
604
1446
677
1483
750
1520
821
1552
908
1596
991
1636
1074
1676
30
40
41
48
49
83
91
92
97
98
132
140
141
146
147
181
189
190
195
196
230
237
241
256
257
264
265
307
314
318
331
332
337
338
380
387
391
404
405
410
411
453
460
464
477
478
483
484
523
524
528
600
601
605
673
674
678
746
747
751
820
907
990
1073
31
1158
42
43
50
1163
51
84
1185
93
94
99
1190
100
133
1210
142
143
148
1215
149
182
1235
191
192
1164
197
1240
198
1168
231
1260
238
1155
242
1257
258
259
266
1273
267
308
1299
315
1182
319
1296
333
334
339
1312
340
381
1336
388
1207
392
1333
406
407
412
1349
413
454
1373
461
1232
465
1370
479
480
1274
485
1386
486
1278
525
1408
1410
529
1411
602
1447
1449
606
1450
675
1484
1486
679
1487
748
1521
1523
752
1524
822
909
992
1075
32
33
35
45
85
86
88
96
134
135
137
145
183
184
186
194
232
233
239
243
251
261
309
310
316
320
328
336
382
383
389
393
401
409
455
456
462
466
474
482
535
552
553
562
612
629
685
702
758
775
826
913
996
1079
34
1159
1161
44
1165
1166
52
1169
1170
87
1186
1188
95
1191
1192
101
1194
1195
136
1211
1213
144
1216
1217
150
1219
1220
185
1236
1238
193
1241
1242
199
1244
1245
234
1261
1263
240
1265
244
1267
260
1275
1276
268
1279
1280
311
1300
1302
317
1304
321
1306
335
1313
1314
341
1316
1317
384
1337
1339
390
1341
394
1343
408
1350
1351
414
1353
1354
457
1374
1376
463
1378
467
1380
481
1387
1388
487
1390
1391
536
554
555
563
613
630
686
703
759
776
827
1559
914
1601
997
1641
1080
1681
53
55
102
104
151
153
200
202
245
247
269
273
322
324
342
346
395
397
415
419
468
470
488
492
530
537
541
556
557
564
565
607
614
618
631
632
637
638
680
687
691
704
705
710
711
753
760
764
777
778
783
784
823
824
828
910
911
915
993
994
998
1076
1077
1081
54
1162
56
1167
103
1189
105
1193
152
1214
154
1218
201
1239
203
1243
246
1262
248
1160
271
1272
275
1277
323
1301
325
1187
344
1311
348
1315
396
1338
398
1212
417
1348
421
1352
469
1375
471
1237
490
1385
494
1389
531
1412
538
1264
542
1409
558
559
566
1425
567
608
1451
615
1303
619
1448
633
634
639
1464
640
681
1488
688
1340
692
1485
706
707
712
1501
713
754
1525
761
1377
765
1522
779
780
1426
785
1538
786
1430
825
1560
1562
829
1563
912
1602
1604
916
1605
995
1642
1644
999
1645
1078
1682
1684
1082
1685
249
270
274
277
279
326
343
347
350
352
399
416
420
423
425
472
489
493
496
498
532
533
539
543
551
561
609
610
616
620
628
636
682
683
689
693
701
709
755
756
762
766
774
782
835
852
853
862
922
939
1005
1022
1088
1105
250
1269
1270
272
1281
276
1268
1283
278
1171
280
1172
1266
327
1308
1309
345
1318
349
1307
1320
351
1196
353
1197
1305
400
1345
1346
418
1355
422
1344
1357
424
1221
426
1222
1342
473
1382
1383
491
1392
495
1381
1394
497
1246
499
1247
1379
534
1413
1415
540
1417
544
1419
560
1427
1428
568
1431
1432
611
1452
1454
617
1456
621
1458
635
1465
1466
641
1468
1469
684
1489
1491
690
1493
694
1495
708
1502
1503
714
1505
1506
757
1526
1528
763
1530
767
1532
781
1539
1540
787
1542
1543
836
854
855
863
923
940
1006
1023
1089
1106
281
283
354
356
427
429
500
502
545
547
569
573
622
624
642
646
695
697
715
719
768
770
788
792
830
837
841
856
857
864
865
917
924
928
941
942
947
948
1000
1007
1011
1024
1025
1030
1031
1083
1090
1094
1107
1108
1113
1114
282
1282
1285
284
1284
1286
355
1319
1322
357
1321
1323
428
1356
1359
430
1358
1360
501
1393
1396
503
1395
1397
546
1414
548
1271
571
1424
575
1429
623
1453
625
1310
644
1463
648
1467
696
1490
698
1347
717
1500
721
1504
769
1527
771
1384
790
1537
794
1541
831
1564
838
1416
842
1561
858
859
866
1577
867
918
1606
925
1455
929
1603
943
944
949
1619
950
1001
1646
1008
1492
1012
1643
1026
1027
1032
1659
1033
1084
1686
1091
1529
1095
1683
1109
1110
1578
1115
1699
1116
1582
549
570
574
577
579
626
643
647
650
652
699
716
720
723
725
772
789
793
796
798
832
833
839
843
851
861
919
920
926
930
938
946
1002
1003
1009
1013
1021
1029
1085
1086
1092
1096
1104
1112
550
1421
1422
572
1433
576
1420
1435
578
1287
580
1288
1418
627
1460
1461
645
1470
649
1459
1472
651
1324
653
1325
1457
700
1497
1498
718
1507
722
1496
1509
724
1361
726
1362
1494
773
1534
1535
791
1544
795
1533
1546
797
1398
799
1399
1531
834
1565
1567
840
1569
844
1571
860
1579
1580
868
1583
1584
921
1607
1609
927
1611
931
1613
945
1620
1621
951
1623
1624
1004
1647
1649
1010
1651
1014
1653
1028
1660
1661
1034
1663
1664
1087
1687
1689
1093
1691
1097
1693
1111
1700
1701
1117
1703
1704
581
583
654
656
727
729
800
802
845
847
869
873
932
934
952
956
1015
1017
1035
1039
1098
1100
1118
1122
582
1434
1437
584
1436
1438
655
1471
1474
657
1473
1475
728
1508
1511
730
1510
1512
801
1545
1548
803
1547
1549
846
1566
848
1423
871
1576
875
1581
933
1608
935
1462
954
1618
958
1622
1016
1648
1018
1499
1037
1658
1041
1662
1099
1688
1101
1536
1120
1698
1124
1702
849
870
874
877
879
936
953
957
960
962
1019
1036
1040
1043
1045
1102
1119
1123
1126
1128
850
1573
1574
872
1585
876
1572
1587
878
1439
880
1440
1570
937
1615
1616
955
1625
959
1614
1627
961
1476
963
1477
1612
1020
1655
1656
1038
1665
1042
1654
1667
1044
1513
1046
1514
1652
1103
1695
1696
1121
1705
1125
1694
1707
1127
1550
1129
1551
1692
881
883
885
964
966
968
1047
1049
1051
1130
1132
1134
882
1586
1589
884
1588
1590
886
965
1626
1629
967
1628
1630
969
1048
1666
1669
1050
1668
1670
1052
1131
1706
1709
1133
1708
1710
1135
887
889
970
972
1053
1055
1136
1138
888
1591
890
1592
1593
971
1631
973
1632
1633
1054
1671
1056
1672
1673
1137
1711
1139
1712
1713
891
1594
892
1595
893
1575
894
1568
974
1634
975
1635
976
1617
977
1610
1057
1674
1058
1675
1059
1657
1060
1650
1140
1714
1141
1715
1142
1697
1143
1690
