1
2
58
107
156
205
254
303
352
401
3
4
59
108
157
206
255
304
353
402
5
6
10
11
60
61
65
109
110
114
158
159
163
207
208
212
256
257
261
305
306
310
354
355
359
403
404
408
482
483
555
556
628
629
701
702
774
775
847
848
920
921
7
8
12
13
62
63
66
111
112
115
160
161
164
209
210
213
258
259
262
307
308
311
356
357
4626
360
405
406
409
484
485
557
558
630
631
703
704
776
777
849
850
922
923
4829
0
14
15
57
67
68
106
116
117
155
165
166
204
214
215
253
263
264
302
312
313
351
361
362
400
410
411
481
487
488
554
560
561
627
633
634
700
706
707
773
779
780
846
852
853
919
925
926
993
9
4627
4628
16
17
64
4655
4656
69
70
113
4680
4681
118
119
162
4705
4706
167
168
211
4730
4731
216
217
260
4755
4756
265
266
309
4780
4781
314
315
358
4805
4806
363
364
4630
407
4830
4831
412
413
486
4870
4871
489
490
559
4907
4908
562
563
632
4944
4945
635
636
705
4981
4982
708
709
778
5018
5019
781
782
851
5055
5056
854
855
924
5092
5093
927
928
4832
994
995
996
1000
1074
1075
1147
1148
1220
1221
1293
1294
1366
1367
1439
1440
1512
1513
18
4631
4632
71
4658
4659
120
4683
4684
169
4708
4709
218
4733
4734
267
4758
4759
316
4783
4784
365
4808
4809
414
4833
4834
491
4872
4873
564
4909
4910
637
4946
4947
710
4983
4984
783
5020
5021
856
5057
5058
929
5094
5095
997
998
1001
1076
1077
1149
1150
1222
1223
1295
1296
1368
1369
1441
1442
1514
1515
5129
19
72
121
170
219
268
317
366
415
492
565
638
711
784
857
930
992
1002
1003
1073
1079
1080
1146
1152
1153
1219
1225
1226
1292
1298
1299
1365
1371
1372
1438
1444
1445
1511
1517
1518
1585
21
4624
74
4653
123
4678
172
4703
221
4728
270
4753
319
4778
368
4803
417
4828
494
4869
567
4906
640
4943
713
4980
786
5017
859
5054
932
5091
999
5130
5131
1004
1005
1078
5170
5171
1081
1082
1151
5207
5208
1154
1155
1224
5244
5245
1227
1228
1297
5281
5282
1300
1301
1370
5318
5319
1373
1374
1443
5355
5356
1446
1447
1516
5392
5393
1519
1520
5132
1586
20
73
122
171
220
269
318
367
416
493
566
639
712
785
858
931
1587
1588
1592
1666
1667
1739
1740
1812
1813
1885
1886
1958
1959
2031
2032
2104
2105
22
75
124
173
222
271
320
369
418
495
568
641
714
787
860
933
1006
5133
5134
1083
5172
5173
1156
5209
5210
1229
5246
5247
1302
5283
5284
1375
5320
5321
1448
5357
5358
1521
5394
5395
1589
1590
1593
1668
1669
1741
1742
1814
1815
1887
1888
1960
1961
2033
2034
2106
2107
5429
26
79
128
177
226
275
324
373
422
499
572
645
718
791
864
937
1007
1084
1157
1230
1303
1376
1449
1522
1584
1594
1595
1665
1671
1672
1738
1744
1745
1811
1817
1818
1884
1890
1891
1957
1963
1964
2030
2036
2037
2103
2109
2110
2177
27
4633
80
4660
129
4685
178
4710
227
4735
276
4760
325
4785
374
4810
423
4835
500
4874
573
4911
646
4948
719
4985
792
5022
865
5059
938
5096
1009
5128
1086
5169
1159
5206
1232
5243
1305
5280
1378
5317
1451
5354
1524
5391
1591
5430
5431
1596
1597
1670
5470
5471
1673
1674
1743
5507
5508
1746
1747
1816
5544
5545
1819
1820
1889
5581
5582
1892
1893
1962
5618
5619
1965
1966
2035
5655
5656
2038
2039
2108
5692
5693
2111
2112
5432
2178
23
24
28
76
77
81
125
126
130
174
175
179
223
224
228
272
273
277
321
322
326
370
371
375
419
420
424
496
497
501
569
570
574
642
643
647
715
716
720
788
789
793
861
862
866
934
935
939
1008
1085
1158
1231
1304
1377
1450
1523
2179
2180
2184
2258
2259
2331
2332
2404
2405
2477
2478
2550
2551
2623
2624
2696
2697
25
4634
4636
29
4637
78
4661
4663
82
4664
127
4686
4688
131
4689
176
4711
4713
180
4714
225
4736
4738
229
4739
274
4761
4763
278
4764
323
4786
4788
327
4789
372
4811
4813
376
4814
421
4836
4838
425
4839
498
4875
4877
502
4878
571
4912
4914
575
4915
644
4949
4951
648
4952
717
4986
4988
721
4989
790
5023
5025
794
5026
863
5060
5062
867
5063
936
5097
5099
940
5100
1010
1087
1160
1233
1306
1379
1452
1525
1598
5433
5434
1675
5472
5473
1748
5509
5510
1821
5546
5547
1894
5583
5584
1967
5620
5621
2040
5657
5658
2113
5694
5695
2181
2182
2185
2260
2261
2333
2334
2406
2407
2479
2480
2552
2553
2625
2626
2698
2699
5729
36
37
46
89
138
187
236
285
334
383
431
448
449
458
508
525
581
598
654
671
727
744
800
817
873
890
946
963
1014
1091
1164
1237
1310
1383
1456
1529
1599
1676
1749
1822
1895
1968
2041
2114
2176
2186
2187
2257
2263
2264
2330
2336
2337
2403
2409
2410
2476
2482
2483
2549
2555
2556
2622
2628
2629
2695
2701
2702
2769
38
39
47
90
139
188
237
286
335
384
432
450
451
459
509
526
582
599
655
672
728
745
801
818
874
891
947
964
1015
5135
1092
5174
1165
5211
1238
5248
1311
5285
1384
5322
1457
5359
1530
5396
1601
5428
1678
5469
1751
5506
1824
5543
1897
5580
1970
5617
2043
5654
2116
5691
2183
5730
5731
2188
2189
2262
5770
5771
2265
2266
2335
5807
5808
2338
2339
2408
5844
5845
2411
2412
2481
5881
5882
2484
2485
2554
5918
5919
2557
2558
2627
5955
5956
2630
2631
2700
5992
5993
2703
2704
5732
2770
30
40
41
48
49
83
91
92
97
98
132
140
141
146
147
181
189
190
195
196
230
238
239
244
245
279
287
288
293
294
328
336
337
342
343
377
385
386
391
392
426
433
437
452
453
460
461
503
510
514
527
528
533
534
576
583
587
600
601
606
607
649
656
660
673
674
679
680
722
729
733
746
747
752
753
795
802
806
819
820
825
826
868
875
879
892
893
898
899
941
948
952
965
966
971
972
1011
1012
1016
1088
1089
1093
1161
1162
1166
1234
1235
1239
1307
1308
1312
1380
1381
1385
1453
1454
1458
1526
1527
1531
1600
1677
1750
1823
1896
1969
2042
2115
2771
2772
2776
2850
2851
2923
2924
2996
2997
3069
3070
3142
3143
3215
3216
3288
3289
31
4638
42
43
50
4643
51
84
4665
93
94
99
4670
100
133
4690
142
143
148
4695
149
182
4715
191
192
197
4720
198
231
4740
240
241
246
4745
247
280
4765
289
290
295
4770
296
329
4790
338
339
344
4795
345
378
4815
387
388
4644
393
4820
394
4648
427
4840
434
4635
438
4837
454
455
462
4853
463
504
4879
511
4662
515
4876
529
530
535
4892
536
577
4916
584
4687
588
4913
602
603
608
4929
609
650
4953
657
4712
661
4950
675
676
681
4966
682
723
4990
730
4737
734
4987
748
749
754
5003
755
796
5027
803
4762
807
5024
821
822
827
5040
828
869
5064
876
4787
880
5061
894
895
900
5077
901
942
5101
949
4812
953
5098
967
968
4854
973
5114
974
4858
1013
5136
5138
1017
5139
1090
5175
5177
1094
5178
1163
5212
5214
1167
5215
1236
5249
5251
1240
5252
1309
5286
5288
1313
5289
1382
5323
5325
1386
5326
1455
5360
5362
1459
5363
1528
5397
5399
1532
5400
1602
1679
1752
1825
1898
1971
2044
2117
2190
5733
5734
2267
5772
5773
2340
5809
5810
2413
5846
5847
2486
5883
5884
2559
5920
5921
2632
5957
5958
2705
5994
5995
2773
2774
2777
2852
2853
2925
2926
2998
2999
3071
3072
3144
3145
3217
3218
3290
3291
6029
32
33
35
45
85
86
88
96
134
135
137
145
183
184
186
194
232
233
235
243
281
282
284
292
330
331
333
341
379
380
382
390
428
429
435
439
447
457
505
506
512
516
524
532
578
579
585
589
597
605
651
652
658
662
670
678
724
725
731
735
743
751
797
798
804
808
816
824
870
871
877
881
889
897
943
944
950
954
962
970
1023
1040
1041
1050
1100
1117
1173
1190
1246
1263
1319
1336
1392
1409
1465
1482
1538
1555
1606
1683
1756
1829
1902
1975
2048
2121
2191
2268
2341
2414
2487
2560
2633
2706
2768
2778
2779
2849
2855
2856
2922
2928
2929
2995
3001
3002
3068
3074
3075
3141
3147
3148
3214
3220
3221
3287
3293
3294
3361
34
4639
4641
44
4645
4646
52
4649
4650
87
4666
4668
95
4671
4672
101
4674
4675
136
4691
4693
144
4696
4697
150
4699
4700
185
4716
4718
193
4721
4722
199
4724
4725
234
4741
4743
242
4746
4747
248
4749
4750
283
4766
4768
291
4771
4772
297
4774
4775
332
4791
4793
340
4796
4797
346
4799
4800
381
4816
4818
389
4821
4822
395
4824
4825
430
4841
4843
436
4845
440
4847
456
4855
4856
464
4859
4860
507
4880
4882
513
4884
517
4886
531
4893
4894
537
4896
4897
580
4917
4919
586
4921
590
4923
604
4930
4931
610
4933
4934
653
4954
4956
659
4958
663
4960
677
4967
4968
683
4970
4971
726
4991
4993
732
4995
736
4997
750
5004
5005
756
5007
5008
799
5028
5030
805
5032
809
5034
823
5041
5042
829
5044
5045
872
5065
5067
878
5069
882
5071
896
5078
5079
902
5081
5082
945
5102
5104
951
5106
955
5108
969
5115
5116
975
5118
5119
1024
1042
1043
1051
1101
1118
1174
1191
1247
1264
1320
1337
1393
1410
1466
1483
1539
1556
1607
5435
1684
5474
1757
5511
1830
5548
1903
5585
1976
5622
2049
5659
2122
5696
2193
5728
2270
5769
2343
5806
2416
5843
2489
5880
2562
5917
2635
5954
2708
5991
2775
6030
6031
2780
2781
2854
6070
6071
2857
2858
2927
6107
6108
2930
2931
3000
6144
6145
3003
3004
3073
6181
6182
3076
3077
3146
6218
6219
3149
3150
3219
6255
6256
3222
3223
3292
6292
6293
3295
3296
6032
3362
53
55
102
104
151
153
200
202
249
251
298
300
347
349
396
398
441
443
465
469
518
520
538
542
591
593
611
615
664
666
684
688
737
739
757
761
810
812
830
834
883
885
903
907
956
958
976
980
1018
1025
1029
1044
1045
1052
1053
1095
1102
1106
1119
1120
1125
1126
1168
1175
1179
1192
1193
1198
1199
1241
1248
1252
1265
1266
1271
1272
1314
1321
1325
1338
1339
1344
1345
1387
1394
1398
1411
1412
1417
1418
1460
1467
1471
1484
1485
1490
1491
1533
1540
1544
1557
1558
1563
1564
1603
1604
1608
1680
1681
1685
1753
1754
1758
1826
1827
1831
1899
1900
1904
1972
1973
1977
2045
2046
2050
2118
2119
2123
2192
2269
2342
2415
2488
2561
2634
2707
3363
3364
3368
3442
3443
3515
3516
3588
3589
3661
3662
3734
3735
3807
3808
3880
3881
54
4642
56
4647
103
4669
105
4673
152
4694
154
4698
201
4719
203
4723
250
4744
252
4748
299
4769
301
4773
348
4794
350
4798
397
4819
399
4823
442
4842
444
4640
467
4852
471
4857
519
4881
521
4667
540
4891
544
4895
592
4918
594
4692
613
4928
617
4932
665
4955
667
4717
686
4965
690
4969
738
4992
740
4742
759
5002
763
5006
811
5029
813
4767
832
5039
836
5043
884
5066
886
4792
905
5076
909
5080
957
5103
959
4817
978
5113
982
5117
1019
5140
1026
4844
1030
5137
1046
1047
1054
5153
1055
1096
5179
1103
4883
1107
5176
1121
1122
1127
5192
1128
1169
5216
1176
4920
1180
5213
1194
1195
1200
5229
1201
1242
5253
1249
4957
1253
5250
1267
1268
1273
5266
1274
1315
5290
1322
4994
1326
5287
1340
1341
1346
5303
1347
1388
5327
1395
5031
1399
5324
1413
1414
1419
5340
1420
1461
5364
1468
5068
1472
5361
1486
1487
1492
5377
1493
1534
5401
1541
5105
1545
5398
1559
1560
5154
1565
5414
1566
5158
1605
5436
5438
1609
5439
1682
5475
5477
1686
5478
1755
5512
5514
1759
5515
1828
5549
5551
1832
5552
1901
5586
5588
1905
5589
1974
5623
5625
1978
5626
2047
5660
5662
2051
5663
2120
5697
5699
2124
5700
2194
2271
2344
2417
2490
2563
2636
2709
2782
6033
6034
2859
6072
6073
2932
6109
6110
3005
6146
6147
3078
6183
6184
3151
6220
6221
3224
6257
6258
3297
6294
6295
3365
3366
3369
3444
3445
3517
3518
3590
3591
3663
3664
3736
3737
3809
3810
3882
3883
6329
445
466
470
473
475
522
539
543
546
548
595
612
616
619
621
668
685
689
692
694
741
758
762
765
767
814
831
835
838
840
887
904
908
911
913
960
977
981
984
986
1020
1021
1027
1031
1039
1049
1097
1098
1104
1108
1116
1124
1170
1171
1177
1181
1189
1197
1243
1244
1250
1254
1262
1270
1316
1317
1323
1327
1335
1343
1389
1390
1396
1400
1408
1416
1462
1463
1469
1473
1481
1489
1535
1536
1542
1546
1554
1562
1615
1632
1633
1642
1692
1709
1765
1782
1838
1855
1911
1928
1984
2001
2057
2074
2130
2147
2198
2275
2348
2421
2494
2567
2640
2713
2783
2860
2933
3006
3079
3152
3225
3298
3360
3370
3371
3441
3447
3448
3514
3520
3521
3587
3593
3594
3660
3666
3667
3733
3739
3740
3806
3812
3813
3879
3885
3886
3953
446
4849
4850
468
4861
472
4848
4863
474
4651
476
4652
4846
523
4888
4889
541
4898
545
4887
4900
547
4676
549
4677
4885
596
4925
4926
614
4935
618
4924
4937
620
4701
622
4702
4922
669
4962
4963
687
4972
691
4961
4974
693
4726
695
4727
4959
742
4999
5000
760
5009
764
4998
5011
766
4751
768
4752
4996
815
5036
5037
833
5046
837
5035
5048
839
4776
841
4777
5033
888
5073
5074
906
5083
910
5072
5085
912
4801
914
4802
5070
961
5110
5111
979
5120
983
5109
5122
985
4826
987
4827
5107
1022
5141
5143
1028
5145
1032
5147
1048
5155
5156
1056
5159
5160
1099
5180
5182
1105
5184
1109
5186
1123
5193
5194
1129
5196
5197
1172
5217
5219
1178
5221
1182
5223
1196
5230
5231
1202
5233
5234
1245
5254
5256
1251
5258
1255
5260
1269
5267
5268
1275
5270
5271
1318
5291
5293
1324
5295
1328
5297
1342
5304
5305
1348
5307
5308
1391
5328
5330
1397
5332
1401
5334
1415
5341
5342
1421
5344
5345
1464
5365
5367
1470
5369
1474
5371
1488
5378
5379
1494
5381
5382
1537
5402
5404
1543
5406
1547
5408
1561
5415
5416
1567
5418
5419
1616
1634
1635
1643
1693
1710
1766
1783
1839
1856
1912
1929
1985
2002
2058
2075
2131
2148
2199
5735
2276
5774
2349
5811
2422
5848
2495
5885
2568
5922
2641
5959
2714
5996
2785
6028
2862
6069
2935
6106
3008
6143
3081
6180
3154
6217
3227
6254
3300
6291
3367
6330
6331
3372
3373
3446
6370
6371
3449
3450
3519
6407
6408
3522
3523
3592
6444
6445
3595
3596
3665
6481
6482
3668
3669
3738
6518
6519
3741
3742
3811
6555
6556
3814
3815
3884
6592
6593
3887
3888
6332
3954
477
479
550
552
623
625
696
698
769
771
842
844
915
917
988
990
1033
1035
1057
1061
1110
1112
1130
1134
1183
1185
1203
1207
1256
1258
1276
1280
1329
1331
1349
1353
1402
1404
1422
1426
1475
1477
1495
1499
1548
1550
1568
1572
1610
1617
1621
1636
1637
1644
1645
1687
1694
1698
1711
1712
1717
1718
1760
1767
1771
1784
1785
1790
1791
1833
1840
1844
1857
1858
1863
1864
1906
1913
1917
1930
1931
1936
1937
1979
1986
1990
2003
2004
2009
2010
2052
2059
2063
2076
2077
2082
2083
2125
2132
2136
2149
2150
2155
2156
2195
2196
2200
2272
2273
2277
2345
2346
2350
2418
2419
2423
2491
2492
2496
2564
2565
2569
2637
2638
2642
2710
2711
2715
2784
2861
2934
3007
3080
3153
3226
3299
3955
3956
3960
4044
4045
4127
4128
4210
4211
4293
4294
4376
4377
4459
4460
4542
4543
478
4862
4865
480
4864
4866
551
4899
4902
553
4901
4903
624
4936
4939
626
4938
4940
697
4973
4976
699
4975
4977
770
5010
5013
772
5012
5014
843
5047
5050
845
5049
5051
916
5084
5087
918
5086
5088
989
5121
5124
991
5123
5125
1034
5142
1036
4851
1059
5152
1063
5157
1111
5181
1113
4890
1132
5191
1136
5195
1184
5218
1186
4927
1205
5228
1209
5232
1257
5255
1259
4964
1278
5265
1282
5269
1330
5292
1332
5001
1351
5302
1355
5306
1403
5329
1405
5038
1424
5339
1428
5343
1476
5366
1478
5075
1497
5376
1501
5380
1549
5403
1551
5112
1570
5413
1574
5417
1611
5440
1618
5144
1622
5437
1638
1639
1646
5453
1647
1688
5479
1695
5183
1699
5476
1713
1714
1719
5492
1720
1761
5516
1768
5220
1772
5513
1786
1787
1792
5529
1793
1834
5553
1841
5257
1845
5550
1859
1860
1865
5566
1866
1907
5590
1914
5294
1918
5587
1932
1933
1938
5603
1939
1980
5627
1987
5331
1991
5624
2005
2006
2011
5640
2012
2053
5664
2060
5368
2064
5661
2078
2079
2084
5677
2085
2126
5701
2133
5405
2137
5698
2151
2152
5454
2157
5714
2158
5458
2197
5736
5738
2201
5739
2274
5775
5777
2278
5778
2347
5812
5814
2351
5815
2420
5849
5851
2424
5852
2493
5886
5888
2497
5889
2566
5923
5925
2570
5926
2639
5960
5962
2643
5963
2712
5997
5999
2716
6000
2786
2863
2936
3009
3082
3155
3228
3301
3374
6333
6334
3451
6372
6373
3524
6409
6410
3597
6446
6447
3670
6483
6484
3743
6520
6521
3816
6557
6558
3889
6594
6595
3957
4625
3958
3961
4046
4654
4047
4129
4679
4130
4212
4704
4213
4295
4729
4296
4378
4754
4379
4461
4779
4462
4544
4804
4545
6629
1037
1058
1062
1065
1067
1114
1131
1135
1138
1140
1187
1204
1208
1211
1213
1260
1277
1281
1284
1286
1333
1350
1354
1357
1359
1406
1423
1427
1430
1432
1479
1496
1500
1503
1505
1552
1569
1573
1576
1578
1612
1613
1619
1623
1631
1641
1689
1690
1696
1700
1708
1716
1762
1763
1769
1773
1781
1789
1835
1836
1842
1846
1854
1862
1908
1909
1915
1919
1927
1935
1981
1982
1988
1992
2000
2008
2054
2055
2061
2065
2073
2081
2127
2128
2134
2138
2146
2154
2207
2224
2225
2234
2284
2301
2357
2374
2430
2447
2503
2520
2576
2593
2649
2666
2722
2739
2790
2867
2940
3013
3086
3159
3232
3305
3375
3452
3525
3598
3671
3744
3817
3890
3952
3962
3963
4043
4049
4050
4126
4132
4133
4209
4215
4216
4292
4298
4299
4375
4381
4382
4458
4464
4465
4541
4547
4548
1038
5149
5150
1060
5161
1064
5148
5163
1066
4867
1068
4868
5146
1115
5188
5189
1133
5198
1137
5187
5200
1139
4904
1141
4905
5185
1188
5225
5226
1206
5235
1210
5224
5237
1212
4941
1214
4942
5222
1261
5262
5263
1279
5272
1283
5261
5274
1285
4978
1287
4979
5259
1334
5299
5300
1352
5309
1356
5298
5311
1358
5015
1360
5016
5296
1407
5336
5337
1425
5346
1429
5335
5348
1431
5052
1433
5053
5333
1480
5373
5374
1498
5383
1502
5372
5385
1504
5089
1506
5090
5370
1553
5410
5411
1571
5420
1575
5409
5422
1577
5126
1579
5127
5407
1614
5441
5443
1620
5445
1624
5447
1640
5455
5456
1648
5459
5460
1691
5480
5482
1697
5484
1701
5486
1715
5493
5494
1721
5496
5497
1764
5517
5519
1770
5521
1774
5523
1788
5530
5531
1794
5533
5534
1837
5554
5556
1843
5558
1847
5560
1861
5567
5568
1867
5570
5571
1910
5591
5593
1916
5595
1920
5597
1934
5604
5605
1940
5607
5608
1983
5628
5630
1989
5632
1993
5634
2007
5641
5642
2013
5644
5645
2056
5665
5667
2062
5669
2066
5671
2080
5678
5679
2086
5681
5682
2129
5702
5704
2135
5706
2139
5708
2153
5715
5716
2159
5718
5719
2208
2226
2227
2235
2285
2302
2358
2375
2431
2448
2504
2521
2577
2594
2650
2667
2723
2740
2791
6035
2868
6074
2941
6111
3014
6148
3087
6185
3160
6222
3233
6259
3306
6296
3377
6328
3454
6369
3527
6406
3600
6443
3673
6480
3746
6517
3819
6554
3892
6591
3959
6630
6631
3964
4629
3965
4048
6673
6674
4051
4657
4052
4131
6713
6714
4134
4682
4135
4214
6753
6754
4217
4707
4218
4297
6793
6794
4300
4732
4301
4380
6833
6834
4383
4757
4384
4463
6873
6874
4466
4782
4467
4546
6913
6914
4549
4807
4550
6632
1069
1071
1142
1144
1215
1217
1288
1290
1361
1363
1434
1436
1507
1509
1580
1582
1625
1627
1649
1653
1702
1704
1722
1726
1775
1777
1795
1799
1848
1850
1868
1872
1921
1923
1941
1945
1994
1996
2014
2018
2067
2069
2087
2091
2140
2142
2160
2164
2202
2209
2213
2228
2229
2236
2237
2279
2286
2290
2303
2304
2309
2310
2352
2359
2363
2376
2377
2382
2383
2425
2432
2436
2449
2450
2455
2456
2498
2505
2509
2522
2523
2528
2529
2571
2578
2582
2595
2596
2601
2602
2644
2651
2655
2668
2669
2674
2675
2717
2724
2728
2741
2742
2747
2748
2787
2788
2792
2864
2865
2869
2937
2938
2942
3010
3011
3015
3083
3084
3088
3156
3157
3161
3229
3230
3234
3302
3303
3307
3376
3453
3526
3599
3672
3745
3818
3891
1070
5162
5165
1072
5164
5166
1143
5199
5202
1145
5201
5203
1216
5236
5239
1218
5238
5240
1289
5273
5276
1291
5275
5277
1362
5310
5313
1364
5312
5314
1435
5347
5350
1437
5349
5351
1508
5384
5387
1510
5386
5388
1581
5421
5424
1583
5423
5425
1626
5442
1628
5151
1651
5452
1655
5457
1703
5481
1705
5190
1724
5491
1728
5495
1776
5518
1778
5227
1797
5528
1801
5532
1849
5555
1851
5264
1870
5565
1874
5569
1922
5592
1924
5301
1943
5602
1947
5606
1995
5629
1997
5338
2016
5639
2020
5643
2068
5666
2070
5375
2089
5676
2093
5680
2141
5703
2143
5412
2162
5713
2166
5717
2203
5740
2210
5444
2214
5737
2230
2231
2238
5753
2239
2280
5779
2287
5483
2291
5776
2305
2306
2311
5792
2312
2353
5816
2360
5520
2364
5813
2378
2379
2384
5829
2385
2426
5853
2433
5557
2437
5850
2451
2452
2457
5866
2458
2499
5890
2506
5594
2510
5887
2524
2525
2530
5903
2531
2572
5927
2579
5631
2583
5924
2597
2598
2603
5940
2604
2645
5964
2652
5668
2656
5961
2670
2671
2676
5977
2677
2718
6001
2725
5705
2729
5998
2743
2744
5754
2749
6014
2750
5758
2789
6036
6038
2793
6039
2866
6075
6077
2870
6078
2939
6112
6114
2943
6115
3012
6149
6151
3016
6152
3085
6186
6188
3089
6189
3158
6223
6225
3162
6226
3231
6260
6262
3235
6263
3304
6297
6299
3308
6300
3378
3455
3528
3601
3674
3747
3820
3893
3966
6633
6634
4053
6675
6676
4136
6715
6716
4219
6755
6756
4302
6795
6796
4385
6835
6836
4468
6875
6876
4551
6915
6916
1629
1650
1654
1657
1659
1706
1723
1727
1730
1732
1779
1796
1800
1803
1805
1852
1869
1873
1876
1878
1925
1942
1946
1949
1951
1998
2015
2019
2022
2024
2071
2088
2092
2095
2097
2144
2161
2165
2168
2170
2204
2205
2211
2215
2223
2233
2281
2282
2288
2292
2300
2308
2354
2355
2361
2365
2373
2381
2427
2428
2434
2438
2446
2454
2500
2501
2507
2511
2519
2527
2573
2574
2580
2584
2592
2600
2646
2647
2653
2657
2665
2673
2719
2720
2726
2730
2738
2746
2799
2816
2817
2826
2876
2893
2949
2966
3022
3039
3095
3112
3168
3185
3241
3258
3314
3331
3382
3459
3532
3605
3678
3751
3824
3897
3967
4054
4137
4220
4303
4386
4469
4552
1630
5449
5450
1652
5461
1656
5448
5463
1658
5167
1660
5168
5446
1707
5488
5489
1725
5498
1729
5487
5500
1731
5204
1733
5205
5485
1780
5525
5526
1798
5535
1802
5524
5537
1804
5241
1806
5242
5522
1853
5562
5563
1871
5572
1875
5561
5574
1877
5278
1879
5279
5559
1926
5599
5600
1944
5609
1948
5598
5611
1950
5315
1952
5316
5596
1999
5636
5637
2017
5646
2021
5635
5648
2023
5352
2025
5353
5633
2072
5673
5674
2090
5683
2094
5672
5685
2096
5389
2098
5390
5670
2145
5710
5711
2163
5720
2167
5709
5722
2169
5426
2171
5427
5707
2206
5741
5743
2212
5745
2216
5747
2232
5755
5756
2240
5759
5760
2283
5780
5782
2289
5784
2293
5786
2307
5793
5794
2313
5796
5797
2356
5817
5819
2362
5821
2366
5823
2380
5830
5831
2386
5833
5834
2429
5854
5856
2435
5858
2439
5860
2453
5867
5868
2459
5870
5871
2502
5891
5893
2508
5895
2512
5897
2526
5904
5905
2532
5907
5908
2575
5928
5930
2581
5932
2585
5934
2599
5941
5942
2605
5944
5945
2648
5965
5967
2654
5969
2658
5971
2672
5978
5979
2678
5981
5982
2721
6002
6004
2727
6006
2731
6008
2745
6015
6016
2751
6018
6019
2800
2818
2819
2827
2877
2894
2950
2967
3023
3040
3096
3113
3169
3186
3242
3259
3315
3332
3383
6335
3460
6374
3533
6411
3606
6448
3679
6485
3752
6522
3825
6559
3898
6596
3969
6628
4056
6672
4139
6712
4222
6752
4305
6792
4388
6832
4471
6872
4554
6912
1661
1663
1734
1736
1807
1809
1880
1882
1953
1955
2026
2028
2099
2101
2172
2174
2217
2219
2241
2245
2294
2296
2314
2318
2367
2369
2387
2391
2440
2442
2460
2464
2513
2515
2533
2537
2586
2588
2606
2610
2659
2661
2679
2683
2732
2734
2752
2756
2794
2801
2805
2820
2821
2828
2829
2871
2878
2882
2895
2896
2901
2902
2944
2951
2955
2968
2969
2974
2975
3017
3024
3028
3041
3042
3047
3048
3090
3097
3101
3114
3115
3120
3121
3163
3170
3174
3187
3188
3193
3194
3236
3243
3247
3260
3261
3266
3267
3309
3316
3320
3333
3334
3339
3340
3379
3380
3384
3456
3457
3461
3529
3530
3534
3602
3603
3607
3675
3676
3680
3748
3749
3753
3821
3822
3826
3894
3895
3899
3968
4055
4138
4221
4304
4387
4470
4553
1662
5462
5465
1664
5464
5466
1735
5499
5502
1737
5501
5503
1808
5536
5539
1810
5538
5540
1881
5573
5576
1883
5575
5577
1954
5610
5613
1956
5612
5614
2027
5647
5650
2029
5649
5651
2100
5684
5687
2102
5686
5688
2173
5721
5724
2175
5723
5725
2218
5742
2220
5451
2243
5752
2247
5757
2295
5781
2297
5490
2316
5791
2320
5795
2368
5818
2370
5527
2389
5828
2393
5832
2441
5855
2443
5564
2462
5865
2466
5869
2514
5892
2516
5601
2535
5902
2539
5906
2587
5929
2589
5638
2608
5939
2612
5943
2660
5966
2662
5675
2681
5976
2685
5980
2733
6003
2735
5712
2754
6013
2758
6017
2795
6040
2802
5744
2806
6037
2822
2823
2830
6053
2831
2872
6079
2879
5783
2883
6076
2897
2898
2903
6092
2904
2945
6116
2952
5820
2956
6113
2970
2971
2976
6129
2977
3018
6153
3025
5857
3029
6150
3043
3044
3049
6166
3050
3091
6190
3098
5894
3102
6187
3116
3117
3122
6203
3123
3164
6227
3171
5931
3175
6224
3189
3190
3195
6240
3196
3237
6264
3244
5968
3248
6261
3262
3263
3268
6277
3269
3310
6301
3317
6005
3321
6298
3335
3336
6054
3341
6314
3342
6058
3381
6336
6338
3385
6339
3458
6375
6377
3462
6378
3531
6412
6414
3535
6415
3604
6449
6451
3608
6452
3677
6486
6488
3681
6489
3750
6523
6525
3754
6526
3823
6560
6562
3827
6563
3896
6597
6599
3900
6600
3970
4057
4140
4223
4306
4389
4472
4555
2221
2242
2246
2249
2251
2298
2315
2319
2322
2324
2371
2388
2392
2395
2397
2444
2461
2465
2468
2470
2517
2534
2538
2541
2543
2590
2607
2611
2614
2616
2663
2680
2684
2687
2689
2736
2753
2757
2760
2762
2796
2797
2803
2807
2815
2825
2873
2874
2880
2884
2892
2900
2946
2947
2953
2957
2965
2973
3019
3020
3026
3030
3038
3046
3092
3093
3099
3103
3111
3119
3165
3166
3172
3176
3184
3192
3238
3239
3245
3249
3257
3265
3311
3312
3318
3322
3330
3338
3391
3408
3409
3418
3468
3485
3541
3558
3614
3631
3687
3704
3760
3777
3833
3850
3906
3923
3974
4061
4144
4227
4310
4393
4476
4559
2222
5749
5750
2244
5761
2248
5748
5763
2250
5467
2252
5468
5746
2299
5788
5789
2317
5798
2321
5787
5800
2323
5504
2325
5505
5785
2372
5825
5826
2390
5835
2394
5824
5837
2396
5541
2398
5542
5822
2445
5862
5863
2463
5872
2467
5861
5874
2469
5578
2471
5579
5859
2518
5899
5900
2536
5909
2540
5898
5911
2542
5615
2544
5616
5896
2591
5936
5937
2609
5946
2613
5935
5948
2615
5652
2617
5653
5933
2664
5973
5974
2682
5983
2686
5972
5985
2688
5689
2690
5690
5970
2737
6010
6011
2755
6020
2759
6009
6022
2761
5726
2763
5727
6007
2798
6041
6043
2804
6045
2808
6047
2824
6055
6056
2832
6059
6060
2875
6080
6082
2881
6084
2885
6086
2899
6093
6094
2905
6096
6097
2948
6117
6119
2954
6121
2958
6123
2972
6130
6131
2978
6133
6134
3021
6154
6156
3027
6158
3031
6160
3045
6167
6168
3051
6170
6171
3094
6191
6193
3100
6195
3104
6197
3118
6204
6205
3124
6207
6208
3167
6228
6230
3173
6232
3177
6234
3191
6241
6242
3197
6244
6245
3240
6265
6267
3246
6269
3250
6271
3264
6278
6279
3270
6281
6282
3313
6302
6304
3319
6306
3323
6308
3337
6315
6316
3343
6318
6319
3392
3410
3411
3419
3469
3486
3542
3559
3615
3632
3688
3705
3761
3778
3834
3851
3907
3924
3975
6635
4062
6677
4145
6717
4228
6757
4311
6797
4394
6837
4477
6877
4560
6917
2253
2255
2326
2328
2399
2401
2472
2474
2545
2547
2618
2620
2691
2693
2764
2766
2809
2811
2833
2837
2886
2888
2906
2910
2959
2961
2979
2983
3032
3034
3052
3056
3105
3107
3125
3129
3178
3180
3198
3202
3251
3253
3271
3275
3324
3326
3344
3348
3386
3393
3397
3412
3413
3420
3421
3463
3470
3474
3487
3488
3493
3494
3536
3543
3547
3560
3561
3566
3567
3609
3616
3620
3633
3634
3639
3640
3682
3689
3693
3706
3707
3712
3713
3755
3762
3766
3779
3780
3785
3786
3828
3835
3839
3852
3853
3858
3859
3901
3908
3912
3925
3926
3931
3932
3971
3972
3976
4058
4059
4063
4141
4142
4146
4224
4225
4229
4307
4308
4312
4390
4391
4395
4473
4474
4478
4556
4557
4561
2254
5762
5765
2256
5764
5766
2327
5799
5802
2329
5801
5803
2400
5836
5839
2402
5838
5840
2473
5873
5876
2475
5875
5877
2546
5910
5913
2548
5912
5914
2619
5947
5950
2621
5949
5951
2692
5984
5987
2694
5986
5988
2765
6021
6024
2767
6023
6025
2810
6042
2812
5751
2835
6052
2839
6057
2887
6081
2889
5790
2908
6091
2912
6095
2960
6118
2962
5827
2981
6128
2985
6132
3033
6155
3035
5864
3054
6165
3058
6169
3106
6192
3108
5901
3127
6202
3131
6206
3179
6229
3181
5938
3200
6239
3204
6243
3252
6266
3254
5975
3273
6276
3277
6280
3325
6303
3327
6012
3346
6313
3350
6317
3387
6340
3394
6044
3398
6337
3414
3415
3422
6353
3423
3464
6379
3471
6083
3475
6376
3489
3490
3495
6392
3496
3537
6416
3544
6120
3548
6413
3562
3563
3568
6429
3569
3610
6453
3617
6157
3621
6450
3635
3636
3641
6466
3642
3683
6490
3690
6194
3694
6487
3708
3709
3714
6503
3715
3756
6527
3763
6231
3767
6524
3781
3782
3787
6540
3788
3829
6564
3836
6268
3840
6561
3854
3855
3860
6577
3861
3902
6601
3909
6305
3913
6598
3927
3928
6354
3933
6614
3934
6358
3973
6636
6638
3977
6639
4060
6678
6680
4064
6681
4143
6718
6720
4147
6721
4226
6758
6760
4230
6761
4309
6798
6800
4313
6801
4392
6838
6840
4396
6841
4475
6878
6880
4479
6881
4558
6918
6920
4562
6921
2813
2834
2838
2841
2843
2890
2907
2911
2914
2916
2963
2980
2984
2987
2989
3036
3053
3057
3060
3062
3109
3126
3130
3133
3135
3182
3199
3203
3206
3208
3255
3272
3276
3279
3281
3328
3345
3349
3352
3354
3388
3389
3395
3399
3407
3417
3465
3466
3472
3476
3484
3492
3538
3539
3545
3549
3557
3565
3611
3612
3618
3622
3630
3638
3684
3685
3691
3695
3703
3711
3757
3758
3764
3768
3776
3784
3830
3831
3837
3841
3849
3857
3903
3904
3910
3914
3922
3930
3983
4000
4001
4010
4070
4087
4153
4170
4236
4253
4319
4336
4402
4419
4485
4502
4568
4585
2814
6049
6050
2836
6061
2840
6048
6063
2842
5767
2844
5768
6046
2891
6088
6089
2909
6098
2913
6087
6100
2915
5804
2917
5805
6085
2964
6125
6126
2982
6135
2986
6124
6137
2988
5841
2990
5842
6122
3037
6162
6163
3055
6172
3059
6161
6174
3061
5878
3063
5879
6159
3110
6199
6200
3128
6209
3132
6198
6211
3134
5915
3136
5916
6196
3183
6236
6237
3201
6246
3205
6235
6248
3207
5952
3209
5953
6233
3256
6273
6274
3274
6283
3278
6272
6285
3280
5989
3282
5990
6270
3329
6310
6311
3347
6320
3351
6309
6322
3353
6026
3355
6027
6307
3390
6341
6343
3396
6345
3400
6347
3416
6355
6356
3424
6359
6360
3467
6380
6382
3473
6384
3477
6386
3491
6393
6394
3497
6396
6397
3540
6417
6419
3546
6421
3550
6423
3564
6430
6431
3570
6433
6434
3613
6454
6456
3619
6458
3623
6460
3637
6467
6468
3643
6470
6471
3686
6491
6493
3692
6495
3696
6497
3710
6504
6505
3716
6507
6508
3759
6528
6530
3765
6532
3769
6534
3783
6541
6542
3789
6544
6545
3832
6565
6567
3838
6569
3842
6571
3856
6578
6579
3862
6581
6582
3905
6602
6604
3911
6606
3915
6608
3929
6615
6616
3935
6618
6619
3984
4002
4003
4011
4071
4088
4154
4171
4237
4254
4320
4337
4403
4420
4486
4503
4569
4586
2845
2847
2918
2920
2991
2993
3064
3066
3137
3139
3210
3212
3283
3285
3356
3358
3401
3403
3425
3429
3478
3480
3498
3502
3551
3553
3571
3575
3624
3626
3644
3648
3697
3699
3717
3721
3770
3772
3790
3794
3843
3845
3863
3867
3916
3918
3936
3940
3978
3985
3989
4004
4005
4012
4013
4065
4072
4076
4089
4090
4095
4096
4148
4155
4159
4172
4173
4178
4179
4231
4238
4242
4255
4256
4261
4262
4314
4321
4325
4338
4339
4344
4345
4397
4404
4408
4421
4422
4427
4428
4480
4487
4491
4504
4505
4510
4511
4563
4570
4574
4587
4588
4593
4594
2846
6062
6065
2848
6064
6066
2919
6099
6102
2921
6101
6103
2992
6136
6139
2994
6138
6140
3065
6173
6176
3067
6175
6177
3138
6210
6213
3140
6212
6214
3211
6247
6250
3213
6249
6251
3284
6284
6287
3286
6286
6288
3357
6321
6324
3359
6323
6325
3402
6342
3404
6051
3427
6352
3431
6357
3479
6381
3481
6090
3500
6391
3504
6395
3552
6418
3554
6127
3573
6428
3577
6432
3625
6455
3627
6164
3646
6465
3650
6469
3698
6492
3700
6201
3719
6502
3723
6506
3771
6529
3773
6238
3792
6539
3796
6543
3844
6566
3846
6275
3865
6576
3869
6580
3917
6603
3919
6312
3938
6613
3942
6617
3979
6640
3986
6344
3990
6637
4006
4007
4014
6653
4015
4066
6682
4073
6383
4077
6679
4091
4092
4097
6695
4098
4149
6722
4156
6420
4160
6719
4174
4175
4180
6735
4181
4232
6762
4239
6457
4243
6759
4257
4258
4263
6775
4264
4315
6802
4322
6494
4326
6799
4340
4341
4346
6815
4347
4398
6842
4405
6531
4409
6839
4423
4424
4429
6855
4430
4481
6882
4488
6568
4492
6879
4506
4507
4512
6895
4513
4564
6922
4571
6605
4575
6919
4589
4590
6654
4595
6935
4596
6658
3405
3426
3430
3433
3435
3482
3499
3503
3506
3508
3555
3572
3576
3579
3581
3628
3645
3649
3652
3654
3701
3718
3722
3725
3727
3774
3791
3795
3798
3800
3847
3864
3868
3871
3873
3920
3937
3941
3944
3946
3980
3981
3987
3991
3999
4009
4067
4068
4074
4078
4086
4094
4150
4151
4157
4161
4169
4177
4233
4234
4240
4244
4252
4260
4316
4317
4323
4327
4335
4343
4399
4400
4406
4410
4418
4426
4482
4483
4489
4493
4501
4509
4565
4566
4572
4576
4584
4592
3406
6349
6350
3428
6361
3432
6348
6363
3434
6067
3436
6068
6346
3483
6388
6389
3501
6398
3505
6387
6400
3507
6104
3509
6105
6385
3556
6425
6426
3574
6435
3578
6424
6437
3580
6141
3582
6142
6422
3629
6462
6463
3647
6472
3651
6461
6474
3653
6178
3655
6179
6459
3702
6499
6500
3720
6509
3724
6498
6511
3726
6215
3728
6216
6496
3775
6536
6537
3793
6546
3797
6535
6548
3799
6252
3801
6253
6533
3848
6573
6574
3866
6583
3870
6572
6585
3872
6289
3874
6290
6570
3921
6610
6611
3939
6620
3943
6609
6622
3945
6326
3947
6327
6607
3982
6641
6643
3988
6645
3992
6647
4008
6655
6656
4016
6659
6660
4069
6683
6685
4075
6687
4079
6689
4093
6696
6697
4099
6699
6700
4152
6723
6725
4158
6727
4162
6729
4176
6736
6737
4182
6739
6740
4235
6763
6765
4241
6767
4245
6769
4259
6776
6777
4265
6779
6780
4318
6803
6805
4324
6807
4328
6809
4342
6816
6817
4348
6819
6820
4401
6843
6845
4407
6847
4411
6849
4425
6856
6857
4431
6859
6860
4484
6883
6885
4490
6887
4494
6889
4508
6896
6897
4514
6899
6900
4567
6923
6925
4573
6927
4577
6929
4591
6936
6937
4597
6939
6940
3437
3439
3510
3512
3583
3585
3656
3658
3729
3731
3802
3804
3875
3877
3948
3950
3993
3995
4017
4021
4080
4082
4100
4104
4163
4165
4183
4187
4246
4248
4266
4270
4329
4331
4349
4353
4412
4414
4432
4436
4495
4497
4515
4519
4578
4580
4598
4602
3438
6362
6365
3440
6364
6366
3511
6399
6402
3513
6401
6403
3584
6436
6439
3586
6438
6440
3657
6473
6476
3659
6475
6477
3730
6510
6513
3732
6512
6514
3803
6547
6550
3805
6549
6551
3876
6584
6587
3878
6586
6588
3949
6621
6624
3951
6623
6625
3994
6642
3996
6351
4019
6652
4023
6657
4081
6684
4083
6390
4102
6694
4106
6698
4164
6724
4166
6427
4185
6734
4189
6738
4247
6764
4249
6464
4268
6774
4272
6778
4330
6804
4332
6501
4351
6814
4355
6818
4413
6844
4415
6538
4434
6854
4438
6858
4496
6884
4498
6575
4517
6894
4521
6898
4579
6924
4581
6612
4600
6934
4604
6938
3997
4018
4022
4025
4027
4084
4101
4105
4108
4110
4167
4184
4188
4191
4193
4250
4267
4271
4274
4276
4333
4350
4354
4357
4359
4416
4433
4437
4440
4442
4499
4516
4520
4523
4525
4582
4599
4603
4606
4608
3998
6649
6650
4020
6661
4024
6648
6663
4026
6367
4028
6368
6646
4085
6691
6692
4103
6701
4107
6690
6703
4109
6404
4111
6405
6688
4168
6731
6732
4186
6741
4190
6730
6743
4192
6441
4194
6442
6728
4251
6771
6772
4269
6781
4273
6770
6783
4275
6478
4277
6479
6768
4334
6811
6812
4352
6821
4356
6810
6823
4358
6515
4360
6516
6808
4417
6851
6852
4435
6861
4439
6850
6863
4441
6552
4443
6553
6848
4500
6891
6892
4518
6901
4522
6890
6903
4524
6589
4526
6590
6888
4583
6931
6932
4601
6941
4605
6930
6943
4607
6626
4609
6627
6928
4029
4031
4033
4112
4114
4116
4195
4197
4199
4278
4280
4282
4361
4363
4365
4444
4446
4448
4527
4529
4531
4610
4612
4614
4030
6662
6665
4032
6664
6666
4034
4113
6702
6705
4115
6704
6706
4117
4196
6742
6745
4198
6744
6746
4200
4279
6782
6785
4281
6784
6786
4283
4362
6822
6825
4364
6824
6826
4366
4445
6862
6865
4447
6864
6866
4449
4528
6902
6905
4530
6904
6906
4532
4611
6942
6945
4613
6944
6946
4615
4035
4037
4118
4120
4201
4203
4284
4286
4367
4369
4450
4452
4533
4535
4616
4618
4036
6667
4038
6668
6669
4119
6707
4121
6708
6709
4202
6747
4204
6748
6749
4285
6787
4287
6788
6789
4368
6827
4370
6828
6829
4451
6867
4453
6868
6869
4534
6907
4536
6908
6909
4617
6947
4619
6948
6949
4039
6670
4040
6671
4041
6651
4042
6644
4122
6710
4123
6711
4124
6693
4125
6686
4205
6750
4206
6751
4207
6733
4208
6726
4288
6790
4289
6791
4290
6773
4291
6766
4371
6830
4372
6831
4373
6813
4374
6806
4454
6870
4455
6871
4456
6853
4457
6846
4537
6910
4538
6911
4539
6893
4540
6886
4620
6950
4621
6951
4622
6933
4623
6926
