1
2
75
133
191
249
307
365
423
481
833
1185
1537
1889
2241
2593
3
4
76
134
192
250
308
366
424
482
834
1186
1538
1890
2242
2594
5
6
10
11
77
78
82
135
136
140
193
194
198
251
252
256
309
310
314
367
368
372
425
426
430
483
484
488
539
540
581
582
623
624
665
666
707
708
749
750
791
792
835
836
840
891
892
933
934
975
976
1017
1018
1059
1060
1101
1102
1143
1144
1187
1188
1192
1243
1244
1285
1286
1327
1328
1369
1370
1411
1412
1453
1454
1495
1496
1539
1540
1544
1595
1596
1637
1638
1679
1680
1721
1722
1763
1764
1805
1806
1847
1848
1891
1892
1896
1947
1948
1989
1990
2031
2032
2073
2074
2115
2116
2157
2158
2199
2200
2243
2244
2248
2299
2300
2341
2342
2383
2384
2425
2426
2467
2468
2509
2510
2551
2552
2595
2596
2600
2651
2652
2693
2694
2735
2736
2777
2778
2819
2820
2861
2862
2903
2904
7
8
12
13
79
80
83
137
138
141
195
196
199
253
254
257
311
312
315
369
370
373
427
2945
428
431
485
486
489
541
542
583
584
625
626
667
668
709
710
751
752
793
3153
794
837
838
841
893
894
935
936
977
978
1019
1020
1061
1062
1103
1104
1145
3297
1146
1189
1190
1193
1245
1246
1287
1288
1329
1330
1371
1372
1413
1414
1455
1456
1497
3441
1498
1541
1542
1545
1597
1598
1639
1640
1681
1682
1723
1724
1765
1766
1807
1808
1849
3585
1850
1893
1894
1897
1949
1950
1991
1992
2033
2034
2075
2076
2117
2118
2159
2160
2201
3729
2202
2245
2246
2249
2301
2302
2343
2344
2385
2386
2427
2428
2469
2470
2511
2512
2553
3873
2554
2597
2598
2946
2601
2653
2654
2978
2695
2696
3003
2737
2738
3028
2779
2780
3053
2821
2822
3078
2863
2864
3103
2905
4017
2906
3128
0
14
15
19
20
74
84
85
89
132
142
143
147
190
200
201
205
248
258
259
263
306
316
317
321
364
374
375
379
422
432
433
437
480
490
491
495
538
544
545
580
586
587
622
628
629
664
670
671
706
712
713
748
754
755
790
796
797
832
842
843
847
890
896
897
932
938
939
974
980
981
1016
1022
1023
1058
1064
1065
1100
1106
1107
1142
1148
1149
1184
1194
1195
1199
1242
1248
1249
1284
1290
1291
1326
1332
1333
1368
1374
1375
1410
1416
1417
1452
1458
1459
1494
1500
1501
1536
1546
1547
1551
1594
1600
1601
1636
1642
1643
1678
1684
1685
1720
1726
1727
1762
1768
1769
1804
1810
1811
1846
1852
1853
1888
1898
1899
1903
1946
1952
1953
1988
1994
1995
2030
2036
2037
2072
2078
2079
2114
2120
2121
2156
2162
2163
2198
2204
2205
2240
2250
2251
2255
2298
2304
2305
2340
2346
2347
2382
2388
2389
2424
2430
2431
2466
2472
2473
2508
2514
2515
2550
2556
2557
2592
2602
2603
2607
2650
2656
2657
2692
2698
2699
2734
2740
2741
2776
2782
2783
2818
2824
2825
2860
2866
2867
2902
2908
2909
9
2947
2948
16
17
21
22
81
2979
2980
86
87
90
139
3004
3005
144
145
148
197
3029
3030
202
203
206
255
3054
3055
260
261
264
313
3079
3080
318
319
322
371
3104
3105
376
377
380
429
3129
3130
434
2949
435
438
487
3154
3155
492
493
496
543
3178
3179
546
547
585
3195
3196
588
589
627
3212
3213
630
631
669
3229
3230
672
673
711
3246
3247
714
715
753
3263
3264
756
757
795
3280
3281
798
3156
799
839
3298
3299
844
845
848
895
3322
3323
898
899
937
3339
3340
940
941
979
3356
3357
982
983
1021
3373
3374
1024
1025
1063
3390
3391
1066
1067
1105
3407
3408
1108
1109
1147
3424
3425
1150
3300
1151
1191
3442
3443
1196
1197
1200
1247
3466
3467
1250
1251
1289
3483
3484
1292
1293
1331
3500
3501
1334
1335
1373
3517
3518
1376
1377
1415
3534
3535
1418
1419
1457
3551
3552
1460
1461
1499
3568
3569
1502
3444
1503
1543
3586
3587
1548
1549
1552
1599
3610
3611
1602
1603
1641
3627
3628
1644
1645
1683
3644
3645
1686
1687
1725
3661
3662
1728
1729
1767
3678
3679
1770
1771
1809
3695
3696
1812
1813
1851
3712
3713
1854
3588
1855
1895
3730
3731
1900
1901
1904
1951
3754
3755
1954
1955
1993
3771
3772
1996
1997
2035
3788
3789
2038
2039
2077
3805
3806
2080
2081
2119
3822
3823
2122
2123
2161
3839
3840
2164
2165
2203
3856
3857
2206
3732
2207
2247
3874
3875
2252
2253
2256
2303
3898
3899
2306
2307
2345
3915
3916
2348
2349
2387
3932
3933
2390
2391
2429
3949
3950
2432
2433
2471
3966
3967
2474
2475
2513
3983
3984
2516
2517
2555
4000
4001
2558
3876
2559
2599
4018
4019
2604
2605
2950
2608
2655
4042
4043
2658
2659
2981
2697
4059
4060
2700
2701
3006
2739
4076
4077
2742
2743
3031
2781
4093
4094
2784
2785
3056
2823
4110
4111
2826
2827
3081
2865
4127
4128
2868
2869
3106
2907
4144
4145
2910
4020
2911
3131
23
24
28
29
91
92
96
149
150
154
207
208
212
265
266
270
323
324
328
381
382
386
439
440
444
497
498
502
549
550
591
592
633
634
675
676
717
718
759
760
801
802
849
850
854
901
902
943
944
985
986
1027
1028
1069
1070
1111
1112
1153
1154
1201
1202
1206
1253
1254
1295
1296
1337
1338
1379
1380
1421
1422
1463
1464
1505
1506
1553
1554
1558
1605
1606
1647
1648
1689
1690
1731
1732
1773
1774
1815
1816
1857
1858
1905
1906
1910
1957
1958
1999
2000
2041
2042
2083
2084
2125
2126
2167
2168
2209
2210
2257
2258
2262
2309
2310
2351
2352
2393
2394
2435
2436
2477
2478
2519
2520
2561
2562
2609
2610
2614
2661
2662
2703
2704
2745
2746
2787
2788
2829
2830
2871
2872
2913
2914
18
2951
2952
25
26
30
31
88
2982
2983
93
94
97
146
3007
3008
151
152
155
204
3032
3033
209
210
213
262
3057
3058
267
268
271
320
3082
3083
325
326
329
378
3107
3108
383
384
387
436
3132
3133
441
2953
442
445
494
3157
3158
499
500
503
548
3180
3181
551
552
590
3197
3198
593
594
632
3214
3215
635
636
674
3231
3232
677
678
716
3248
3249
719
720
758
3265
3266
761
762
800
3282
3283
803
3159
804
846
3301
3302
851
852
855
900
3324
3325
903
904
942
3341
3342
945
946
984
3358
3359
987
988
1026
3375
3376
1029
1030
1068
3392
3393
1071
1072
1110
3409
3410
1113
1114
1152
3426
3427
1155
3303
1156
1198
3445
3446
1203
1204
1207
1252
3468
3469
1255
1256
1294
3485
3486
1297
1298
1336
3502
3503
1339
1340
1378
3519
3520
1381
1382
1420
3536
3537
1423
1424
1462
3553
3554
1465
1466
1504
3570
3571
1507
3447
1508
1550
3589
3590
1555
1556
1559
1604
3612
3613
1607
1608
1646
3629
3630
1649
1650
1688
3646
3647
1691
1692
1730
3663
3664
1733
1734
1772
3680
3681
1775
1776
1814
3697
3698
1817
1818
1856
3714
3715
1859
3591
1860
1902
3733
3734
1907
1908
1911
1956
3756
3757
1959
1960
1998
3773
3774
2001
2002
2040
3790
3791
2043
2044
2082
3807
3808
2085
2086
2124
3824
3825
2127
2128
2166
3841
3842
2169
2170
2208
3858
3859
2211
3735
2212
2254
3877
3878
2259
2260
2263
2308
3900
3901
2311
2312
2350
3917
3918
2353
2354
2392
3934
3935
2395
2396
2434
3951
3952
2437
2438
2476
3968
3969
2479
2480
2518
3985
3986
2521
2522
2560
4002
4003
2563
3879
2564
2606
4021
4022
2611
2612
2954
2615
2660
4044
4045
2663
2664
2984
2702
4061
4062
2705
2706
3009
2744
4078
4079
2747
2748
3034
2786
4095
4096
2789
2790
3059
2828
4112
4113
2831
2832
3084
2870
4129
4130
2873
2874
3109
2912
4146
4147
2915
4023
2916
3134
32
33
37
38
98
99
103
156
157
161
214
215
219
272
273
277
330
331
335
388
389
393
446
447
451
504
505
509
554
555
596
597
638
639
680
681
722
723
764
765
806
807
856
857
861
906
907
948
949
990
991
1032
1033
1074
1075
1116
1117
1158
1159
1208
1209
1213
1258
1259
1300
1301
1342
1343
1384
1385
1426
1427
1468
1469
1510
1511
1560
1561
1565
1610
1611
1652
1653
1694
1695
1736
1737
1778
1779
1820
1821
1862
1863
1912
1913
1917
1962
1963
2004
2005
2046
2047
2088
2089
2130
2131
2172
2173
2214
2215
2264
2265
2269
2314
2315
2356
2357
2398
2399
2440
2441
2482
2483
2524
2525
2566
2567
2616
2617
2621
2666
2667
2708
2709
2750
2751
2792
2793
2834
2835
2876
2877
2918
2919
27
2955
2956
34
35
39
40
95
2985
2986
100
101
104
153
3010
3011
158
159
162
211
3035
3036
216
217
220
269
3060
3061
274
275
278
327
3085
3086
332
333
336
385
3110
3111
390
391
394
443
3135
3136
448
2957
449
452
501
3160
3161
506
507
510
553
3182
3183
556
557
595
3199
3200
598
599
637
3216
3217
640
641
679
3233
3234
682
683
721
3250
3251
724
725
763
3267
3268
766
767
805
3284
3285
808
3162
809
853
3304
3305
858
859
862
905
3326
3327
908
909
947
3343
3344
950
951
989
3360
3361
992
993
1031
3377
3378
1034
1035
1073
3394
3395
1076
1077
1115
3411
3412
1118
1119
1157
3428
3429
1160
3306
1161
1205
3448
3449
1210
1211
1214
1257
3470
3471
1260
1261
1299
3487
3488
1302
1303
1341
3504
3505
1344
1345
1383
3521
3522
1386
1387
1425
3538
3539
1428
1429
1467
3555
3556
1470
1471
1509
3572
3573
1512
3450
1513
1557
3592
3593
1562
1563
1566
1609
3614
3615
1612
1613
1651
3631
3632
1654
1655
1693
3648
3649
1696
1697
1735
3665
3666
1738
1739
1777
3682
3683
1780
1781
1819
3699
3700
1822
1823
1861
3716
3717
1864
3594
1865
1909
3736
3737
1914
1915
1918
1961
3758
3759
1964
1965
2003
3775
3776
2006
2007
2045
3792
3793
2048
2049
2087
3809
3810
2090
2091
2129
3826
3827
2132
2133
2171
3843
3844
2174
2175
2213
3860
3861
2216
3738
2217
2261
3880
3881
2266
2267
2270
2313
3902
3903
2316
2317
2355
3919
3920
2358
2359
2397
3936
3937
2400
2401
2439
3953
3954
2442
2443
2481
3970
3971
2484
2485
2523
3987
3988
2526
2527
2565
4004
4005
2568
3882
2569
2613
4024
4025
2618
2619
2958
2622
2665
4046
4047
2668
2669
2987
2707
4063
4064
2710
2711
3012
2749
4080
4081
2752
2753
3037
2791
4097
4098
2794
2795
3062
2833
4114
4115
2836
2837
3087
2875
4131
4132
2878
2879
3112
2917
4148
4149
2920
4026
2921
3137
41
42
46
47
105
106
110
163
164
168
221
222
226
279
280
284
337
338
342
395
396
400
453
454
458
511
512
516
559
560
601
602
643
644
685
686
727
728
769
770
811
812
863
864
868
911
912
953
954
995
996
1037
1038
1079
1080
1121
1122
1163
1164
1215
1216
1220
1263
1264
1305
1306
1347
1348
1389
1390
1431
1432
1473
1474
1515
1516
1567
1568
1572
1615
1616
1657
1658
1699
1700
1741
1742
1783
1784
1825
1826
1867
1868
1919
1920
1924
1967
1968
2009
2010
2051
2052
2093
2094
2135
2136
2177
2178
2219
2220
2271
2272
2276
2319
2320
2361
2362
2403
2404
2445
2446
2487
2488
2529
2530
2571
2572
2623
2624
2628
2671
2672
2713
2714
2755
2756
2797
2798
2839
2840
2881
2882
2923
2924
36
2959
2960
43
44
48
49
102
2988
2989
107
108
111
160
3013
3014
165
166
169
218
3038
3039
223
224
227
276
3063
3064
281
282
285
334
3088
3089
339
340
343
392
3113
3114
397
398
401
450
3138
3139
455
2961
456
459
508
3163
3164
513
514
517
558
3184
3185
561
562
600
3201
3202
603
604
642
3218
3219
645
646
684
3235
3236
687
688
726
3252
3253
729
730
768
3269
3270
771
772
810
3286
3287
813
3165
814
860
3307
3308
865
866
869
910
3328
3329
913
914
952
3345
3346
955
956
994
3362
3363
997
998
1036
3379
3380
1039
1040
1078
3396
3397
1081
1082
1120
3413
3414
1123
1124
1162
3430
3431
1165
3309
1166
1212
3451
3452
1217
1218
1221
1262
3472
3473
1265
1266
1304
3489
3490
1307
1308
1346
3506
3507
1349
1350
1388
3523
3524
1391
1392
1430
3540
3541
1433
1434
1472
3557
3558
1475
1476
1514
3574
3575
1517
3453
1518
1564
3595
3596
1569
1570
1573
1614
3616
3617
1617
1618
1656
3633
3634
1659
1660
1698
3650
3651
1701
1702
1740
3667
3668
1743
1744
1782
3684
3685
1785
1786
1824
3701
3702
1827
1828
1866
3718
3719
1869
3597
1870
1916
3739
3740
1921
1922
1925
1966
3760
3761
1969
1970
2008
3777
3778
2011
2012
2050
3794
3795
2053
2054
2092
3811
3812
2095
2096
2134
3828
3829
2137
2138
2176
3845
3846
2179
2180
2218
3862
3863
2221
3741
2222
2268
3883
3884
2273
2274
2277
2318
3904
3905
2321
2322
2360
3921
3922
2363
2364
2402
3938
3939
2405
2406
2444
3955
3956
2447
2448
2486
3972
3973
2489
2490
2528
3989
3990
2531
2532
2570
4006
4007
2573
3885
2574
2620
4027
4028
2625
2626
2962
2629
2670
4048
4049
2673
2674
2990
2712
4065
4066
2715
2716
3015
2754
4082
4083
2757
2758
3040
2796
4099
4100
2799
2800
3065
2838
4116
4117
2841
2842
3090
2880
4133
4134
2883
2884
3115
2922
4150
4151
2925
4029
2926
3140
50
51
55
56
112
113
117
170
171
175
228
229
233
286
287
291
344
345
349
402
403
407
460
461
465
518
519
523
564
565
606
607
648
649
690
691
732
733
774
775
816
817
870
871
875
916
917
958
959
1000
1001
1042
1043
1084
1085
1126
1127
1168
1169
1222
1223
1227
1268
1269
1310
1311
1352
1353
1394
1395
1436
1437
1478
1479
1520
1521
1574
1575
1579
1620
1621
1662
1663
1704
1705
1746
1747
1788
1789
1830
1831
1872
1873
1926
1927
1931
1972
1973
2014
2015
2056
2057
2098
2099
2140
2141
2182
2183
2224
2225
2278
2279
2283
2324
2325
2366
2367
2408
2409
2450
2451
2492
2493
2534
2535
2576
2577
2630
2631
2635
2676
2677
2718
2719
2760
2761
2802
2803
2844
2845
2886
2887
2928
2929
45
2963
2964
52
53
57
58
109
2991
2992
114
115
118
167
3016
3017
172
173
176
225
3041
3042
230
231
234
283
3066
3067
288
289
292
341
3091
3092
346
347
350
399
3116
3117
404
405
408
457
3141
3142
462
2965
463
466
515
3166
3167
520
521
524
563
3186
3187
566
567
605
3203
3204
608
609
647
3220
3221
650
651
689
3237
3238
692
693
731
3254
3255
734
735
773
3271
3272
776
777
815
3288
3289
818
3168
819
867
3310
3311
872
873
876
915
3330
3331
918
919
957
3347
3348
960
961
999
3364
3365
1002
1003
1041
3381
3382
1044
1045
1083
3398
3399
1086
1087
1125
3415
3416
1128
1129
1167
3432
3433
1170
3312
1171
1219
3454
3455
1224
1225
1228
1267
3474
3475
1270
1271
1309
3491
3492
1312
1313
1351
3508
3509
1354
1355
1393
3525
3526
1396
1397
1435
3542
3543
1438
1439
1477
3559
3560
1480
1481
1519
3576
3577
1522
3456
1523
1571
3598
3599
1576
1577
1580
1619
3618
3619
1622
1623
1661
3635
3636
1664
1665
1703
3652
3653
1706
1707
1745
3669
3670
1748
1749
1787
3686
3687
1790
1791
1829
3703
3704
1832
1833
1871
3720
3721
1874
3600
1875
1923
3742
3743
1928
1929
1932
1971
3762
3763
1974
1975
2013
3779
3780
2016
2017
2055
3796
3797
2058
2059
2097
3813
3814
2100
2101
2139
3830
3831
2142
2143
2181
3847
3848
2184
2185
2223
3864
3865
2226
3744
2227
2275
3886
3887
2280
2281
2284
2323
3906
3907
2326
2327
2365
3923
3924
2368
2369
2407
3940
3941
2410
2411
2449
3957
3958
2452
2453
2491
3974
3975
2494
2495
2533
3991
3992
2536
2537
2575
4008
4009
2578
3888
2579
2627
4030
4031
2632
2633
2966
2636
2675
4050
4051
2678
2679
2993
2717
4067
4068
2720
2721
3018
2759
4084
4085
2762
2763
3043
2801
4101
4102
2804
2805
3068
2843
4118
4119
2846
2847
3093
2885
4135
4136
2888
2889
3118
2927
4152
4153
2930
4032
2931
3143
59
60
64
65
119
120
124
177
178
182
235
236
240
293
294
298
351
352
356
409
410
414
467
468
472
525
526
530
569
570
611
612
653
654
695
696
737
738
779
780
821
822
877
878
882
921
922
963
964
1005
1006
1047
1048
1089
1090
1131
1132
1173
1174
1229
1230
1234
1273
1274
1315
1316
1357
1358
1399
1400
1441
1442
1483
1484
1525
1526
1581
1582
1586
1625
1626
1667
1668
1709
1710
1751
1752
1793
1794
1835
1836
1877
1878
1933
1934
1938
1977
1978
2019
2020
2061
2062
2103
2104
2145
2146
2187
2188
2229
2230
2285
2286
2290
2329
2330
2371
2372
2413
2414
2455
2456
2497
2498
2539
2540
2581
2582
2637
2638
2642
2681
2682
2723
2724
2765
2766
2807
2808
2849
2850
2891
2892
2933
2934
54
2967
2968
61
62
66
67
116
2994
2995
121
122
125
174
3019
3020
179
180
183
232
3044
3045
237
238
241
290
3069
3070
295
296
299
348
3094
3095
353
354
357
406
3119
3120
411
412
415
464
3144
3145
469
2969
470
473
522
3169
3170
527
528
531
568
3188
3189
571
572
610
3205
3206
613
614
652
3222
3223
655
656
694
3239
3240
697
698
736
3256
3257
739
740
778
3273
3274
781
782
820
3290
3291
823
3171
824
874
3313
3314
879
880
883
920
3332
3333
923
924
962
3349
3350
965
966
1004
3366
3367
1007
1008
1046
3383
3384
1049
1050
1088
3400
3401
1091
1092
1130
3417
3418
1133
1134
1172
3434
3435
1175
3315
1176
1226
3457
3458
1231
1232
1235
1272
3476
3477
1275
1276
1314
3493
3494
1317
1318
1356
3510
3511
1359
1360
1398
3527
3528
1401
1402
1440
3544
3545
1443
1444
1482
3561
3562
1485
1486
1524
3578
3579
1527
3459
1528
1578
3601
3602
1583
1584
1587
1624
3620
3621
1627
1628
1666
3637
3638
1669
1670
1708
3654
3655
1711
1712
1750
3671
3672
1753
1754
1792
3688
3689
1795
1796
1834
3705
3706
1837
1838
1876
3722
3723
1879
3603
1880
1930
3745
3746
1935
1936
1939
1976
3764
3765
1979
1980
2018
3781
3782
2021
2022
2060
3798
3799
2063
2064
2102
3815
3816
2105
2106
2144
3832
3833
2147
2148
2186
3849
3850
2189
2190
2228
3866
3867
2231
3747
2232
2282
3889
3890
2287
2288
2291
2328
3908
3909
2331
2332
2370
3925
3926
2373
2374
2412
3942
3943
2415
2416
2454
3959
3960
2457
2458
2496
3976
3977
2499
2500
2538
3993
3994
2541
2542
2580
4010
4011
2583
3891
2584
2634
4033
4034
2639
2640
2970
2643
2680
4052
4053
2683
2684
2996
2722
4069
4070
2725
2726
3021
2764
4086
4087
2767
2768
3046
2806
4103
4104
2809
2810
3071
2848
4120
4121
2851
2852
3096
2890
4137
4138
2893
2894
3121
2932
4154
4155
2935
4035
2936
3146
68
69
126
127
184
185
242
243
300
301
358
359
416
417
474
475
532
533
574
575
616
617
658
659
700
701
742
743
784
785
826
827
884
885
926
927
968
969
1010
1011
1052
1053
1094
1095
1136
1137
1178
1179
1236
1237
1278
1279
1320
1321
1362
1363
1404
1405
1446
1447
1488
1489
1530
1531
1588
1589
1630
1631
1672
1673
1714
1715
1756
1757
1798
1799
1840
1841
1882
1883
1940
1941
1982
1983
2024
2025
2066
2067
2108
2109
2150
2151
2192
2193
2234
2235
2292
2293
2334
2335
2376
2377
2418
2419
2460
2461
2502
2503
2544
2545
2586
2587
2644
2645
2686
2687
2728
2729
2770
2771
2812
2813
2854
2855
2896
2897
2938
2939
63
2971
2972
70
71
123
2997
2998
128
129
181
3022
3023
186
187
239
3047
3048
244
245
297
3072
3073
302
303
355
3097
3098
360
361
413
3122
3123
418
419
471
3147
3148
476
2973
477
529
3172
3173
534
535
573
3190
3191
576
577
615
3207
3208
618
619
657
3224
3225
660
661
699
3241
3242
702
703
741
3258
3259
744
745
783
3275
3276
786
787
825
3292
3293
828
3174
829
881
3316
3317
886
887
925
3334
3335
928
929
967
3351
3352
970
971
1009
3368
3369
1012
1013
1051
3385
3386
1054
1055
1093
3402
3403
1096
1097
1135
3419
3420
1138
1139
1177
3436
3437
1180
3318
1181
1233
3460
3461
1238
1239
1277
3478
3479
1280
1281
1319
3495
3496
1322
1323
1361
3512
3513
1364
1365
1403
3529
3530
1406
1407
1445
3546
3547
1448
1449
1487
3563
3564
1490
1491
1529
3580
3581
1532
3462
1533
1585
3604
3605
1590
1591
1629
3622
3623
1632
1633
1671
3639
3640
1674
1675
1713
3656
3657
1716
1717
1755
3673
3674
1758
1759
1797
3690
3691
1800
1801
1839
3707
3708
1842
1843
1881
3724
3725
1884
3606
1885
1937
3748
3749
1942
1943
1981
3766
3767
1984
1985
2023
3783
3784
2026
2027
2065
3800
3801
2068
2069
2107
3817
3818
2110
2111
2149
3834
3835
2152
2153
2191
3851
3852
2194
2195
2233
3868
3869
2236
3750
2237
2289
3892
3893
2294
2295
2333
3910
3911
2336
2337
2375
3927
3928
2378
2379
2417
3944
3945
2420
2421
2459
3961
3962
2462
2463
2501
3978
3979
2504
2505
2543
3995
3996
2546
2547
2585
4012
4013
2588
3894
2589
2641
4036
4037
2646
2647
2974
2685
4054
4055
2688
2689
2999
2727
4071
4072
2730
2731
3024
2769
4088
4089
2772
2773
3049
2811
4105
4106
2814
2815
3074
2853
4122
4123
2856
2857
3099
2895
4139
4140
2898
2899
3124
2937
4156
4157
2940
4038
2941
3149
72
2975
2976
130
3000
3001
188
3025
3026
246
3050
3051
304
3075
3076
362
3100
3101
420
3125
3126
478
3150
3151
536
3175
3176
578
3192
3193
620
3209
3210
662
3226
3227
704
3243
3244
746
3260
3261
788
3277
3278
830
3294
3295
888
3319
3320
930
3336
3337
972
3353
3354
1014
3370
3371
1056
3387
3388
1098
3404
3405
1140
3421
3422
1182
3438
3439
1240
3463
3464
1282
3480
3481
1324
3497
3498
1366
3514
3515
1408
3531
3532
1450
3548
3549
1492
3565
3566
1534
3582
3583
1592
3607
3608
1634
3624
3625
1676
3641
3642
1718
3658
3659
1760
3675
3676
1802
3692
3693
1844
3709
3710
1886
3726
3727
1944
3751
3752
1986
3768
3769
2028
3785
3786
2070
3802
3803
2112
3819
3820
2154
3836
3837
2196
3853
3854
2238
3870
3871
2296
3895
3896
2338
3912
3913
2380
3929
3930
2422
3946
3947
2464
3963
3964
2506
3980
3981
2548
3997
3998
2590
4014
4015
2648
4039
4040
2690
4056
4057
2732
4073
4074
2774
4090
4091
2816
4107
4108
2858
4124
4125
2900
4141
4142
2942
4158
4159
73
2944
131
2977
189
3002
247
3027
305
3052
363
3077
421
3102
479
3127
537
3152
579
3177
621
3194
663
3211
705
3228
747
3245
789
3262
831
3279
889
3296
931
3321
973
3338
1015
3355
1057
3372
1099
3389
1141
3406
1183
3423
1241
3440
1283
3465
1325
3482
1367
3499
1409
3516
1451
3533
1493
3550
1535
3567
1593
3584
1635
3609
1677
3626
1719
3643
1761
3660
1803
3677
1845
3694
1887
3711
1945
3728
1987
3753
2029
3770
2071
3787
2113
3804
2155
3821
2197
3838
2239
3855
2297
3872
2339
3897
2381
3914
2423
3931
2465
3948
2507
3965
2549
3982
2591
3999
2649
4016
2691
4041
2733
4058
2775
4075
2817
4092
2859
4109
2901
4126
2943
4143
