68
69
64
65
66
67
70
71
72
73
1784
80
81
94
95
62
74
1786
75
76
1785
82
83
96
97
98
99
63
77
1787
84
85
1790
78
86
1792
102
103
1798
100
101
91
104
1802
87
88
1791
118
119
79
89
1793
1782
1783
105
106
1799
90
107
1795
1788
1803
108
109
1800
93
110
1804
1780
111
112
1801
120
121
122
123
92
113
1797
1789
1805
1781
126
127
1810
124
125
115
128
1814
129
130
1811
142
143
4
5
114
131
1807
1815
132
133
1812
117
134
1816
135
136
1813
144
145
146
147
2
3
6
7
18
19
116
137
1809
1817
150
151
1822
148
149
139
152
1826
8
9
1752
473
474
0
10
1754
153
154
1823
20
21
22
23
138
155
1819
1794
1827
156
157
1824
141
158
1828
1806
11
12
1753
166
167
475
476
477
478
1
13
1755
1751
26
27
1760
24
25
15
28
1764
159
160
1825
42
43
140
161
1821
1796
1829
1808
489
490
1988
168
169
170
171
479
480
481
482
466
491
1996
29
30
1761
521
522
14
31
1757
1765
32
33
1762
17
34
1766
1749
174
175
1834
44
45
46
47
172
173
163
176
1838
492
493
1989
190
191
483
484
485
486
465
494
1981
1997
495
496
1990
468
497
1998
35
36
1763
523
524
529
530
16
37
1759
1767
1750
50
51
1772
48
49
39
52
1776
177
178
1835
162
179
1831
1839
180
181
1836
165
182
1840
498
499
1991
192
193
194
195
487
488
467
500
1983
1999
501
502
1992
470
503
2000
553
554
2012
525
526
531
532
537
538
514
555
2028
53
54
1773
38
55
1769
1777
56
57
1774
41
58
1778
1756
183
184
1837
164
185
1833
1841
198
199
1846
196
197
187
200
1850
504
505
1993
214
215
469
506
1985
2001
507
508
1994
472
509
2002
556
557
2013
527
528
533
534
539
540
545
546
558
2029
565
566
2016
516
567
2032
59
60
1775
40
61
1771
1779
1758
201
202
1847
186
203
1843
1768
1851
204
205
1848
189
206
1852
1830
510
511
1995
216
217
218
219
471
512
1987
2003
559
560
2014
535
536
541
542
547
548
561
2030
568
569
2017
570
2033
577
578
2020
518
579
2036
207
208
1849
609
610
188
209
1845
1770
1853
1832
222
223
1858
220
221
211
224
1862
562
563
2015
238
239
543
544
549
550
513
564
2005
2031
571
572
2018
573
2034
580
581
2021
582
2037
589
590
2024
520
591
2040
1980
225
226
1859
611
612
617
618
210
227
1855
1863
228
229
1860
213
230
1864
1842
574
575
2019
240
241
242
243
551
552
515
576
2007
2035
583
584
2022
585
2038
592
593
2025
594
2041
1982
641
642
2052
613
614
619
620
625
626
602
643
2068
231
232
1861
212
233
1857
1865
1844
246
247
1870
244
245
235
248
1874
586
587
2023
262
263
517
588
2009
2039
595
596
2026
597
2042
1984
644
645
2053
615
616
621
622
627
628
633
634
646
2069
653
654
2056
604
655
2072
249
250
1871
234
251
1867
1875
252
253
1872
237
254
1876
1854
598
599
2027
264
265
266
267
519
600
2011
2043
1986
647
648
2054
623
624
629
630
635
636
649
2070
656
657
2057
658
2073
665
666
2060
606
667
2076
255
256
1873
697
698
236
257
1869
1877
1856
270
271
1882
268
269
259
272
1886
650
651
2055
329
330
631
632
637
638
601
652
2045
2071
659
660
2058
661
2074
668
669
2061
670
2077
677
678
2064
608
679
2080
273
274
1883
699
700
705
706
258
275
1879
1887
276
277
1884
261
278
1888
1866
662
663
2059
331
332
333
334
639
640
603
664
2047
2075
671
672
2062
673
2078
680
681
2065
682
2081
729
730
2092
701
702
707
708
713
714
690
731
2108
279
280
1885
260
281
1881
1889
1868
345
346
1916
335
336
337
338
322
347
1924
674
675
2063
605
676
2049
2079
683
684
2066
685
2082
732
733
2093
703
704
709
710
715
716
721
722
734
2109
741
742
2096
692
743
2112
348
349
1917
893
894
339
340
341
342
321
350
1909
1925
351
352
1918
324
353
1926
686
687
2067
607
688
2051
2083
735
736
2094
711
712
717
718
723
724
737
2110
744
745
2097
746
2113
753
754
2100
694
755
2116
354
355
1919
778
779
802
803
826
827
850
851
895
896
901
902
343
344
323
356
1911
1927
357
358
1920
326
359
1928
738
739
2095
719
720
725
726
689
740
2085
1908
2111
747
748
2098
749
2114
756
757
2101
758
2117
765
766
2104
696
767
2120
2044
925
926
2188
784
785
808
809
832
833
856
857
897
898
903
904
909
910
886
927
2204
360
361
1921
325
362
1913
1929
363
364
1922
328
365
1930
750
751
2099
727
728
691
752
2087
1910
2115
759
760
2102
761
2118
768
769
2105
770
2121
2046
780
781
2125
777
782
2126
804
805
2137
790
791
801
806
2138
828
829
2149
814
815
825
830
2150
852
853
2161
838
839
849
854
2162
2084
928
929
2189
862
863
899
900
905
906
911
912
917
918
930
2205
937
938
2192
888
939
2208
366
367
1923
327
368
1915
1931
762
763
2103
693
764
2089
1912
2119
771
772
2106
773
2122
2048
786
787
2128
783
788
2129
810
811
2140
796
797
807
812
2141
834
835
2152
820
821
831
836
2153
858
859
2164
844
845
855
860
2165
2086
931
932
2190
868
869
874
873
875
2173
2124
2136
2148
2160
907
908
913
914
919
920
933
2206
940
941
2193
942
2209
949
950
2196
890
951
2212
774
775
2107
981
982
377
378
695
776
2091
1914
2123
2050
792
793
2131
789
794
2132
816
817
2143
813
818
2144
840
841
2155
837
842
2156
864
865
2167
861
866
2168
2088
934
935
2191
877
876
878
2175
2127
2139
2151
2163
915
916
921
922
885
936
2181
2172
2207
943
944
2194
945
2210
952
953
2197
954
2213
961
962
2200
892
963
2216
2004
798
799
2134
983
984
989
990
379
380
381
382
795
800
2135
822
823
2146
819
824
2147
846
847
2158
843
848
2159
870
871
2170
867
872
2171
2090
946
947
2195
880
879
881
2177
2130
2142
2154
2166
923
924
887
948
2183
2174
2211
955
956
2198
957
2214
964
965
2201
966
2217
2006
1013
1014
2228
985
986
991
992
997
998
974
1015
2244
393
394
1940
383
384
385
386
370
395
1948
958
959
2199
883
882
884
2179
2133
2145
2157
2169
889
960
2185
2176
2215
967
968
2202
969
2218
2008
1016
1017
2229
987
988
993
994
999
1000
1005
1006
1018
2245
1025
1026
2232
976
1027
2248
396
397
1941
387
388
389
390
369
398
1933
1949
399
400
1942
372
401
1950
970
971
2203
891
972
2187
2178
2219
2010
1019
1020
2230
995
996
1001
1002
1007
1008
1021
2246
1028
1029
2233
1030
2249
1037
1038
2236
978
1039
2252
402
403
1943
1062
1063
1086
1087
1110
1111
1134
1135
391
392
371
404
1935
1951
405
406
1944
374
407
1952
1022
1023
2231
1003
1004
1009
1010
973
1024
2221
1932
2247
1031
1032
2234
1033
2250
1040
1041
2237
1042
2253
1049
1050
2240
980
1051
2256
2180
408
409
1945
1068
1069
1092
1093
1116
1117
1140
1141
1177
1178
373
410
1937
1953
411
412
1946
376
413
1954
1034
1035
2235
1011
1012
975
1036
2223
1934
2251
1043
1044
2238
1045
2254
1052
1053
2241
1054
2257
2182
1064
1065
2261
1061
1066
2262
1088
1089
2273
1074
1075
1085
1090
2274
1112
1113
2285
1098
1099
1109
1114
2286
1136
1137
2297
1122
1123
1133
1138
2298
2220
414
415
1947
1146
1147
1179
1180
1181
1182
375
416
1939
1955
1046
1047
2239
977
1048
2225
1936
2255
1055
1056
2242
1057
2258
2184
1070
1071
2264
1067
1072
2265
1094
1095
2276
1080
1081
1091
1096
2277
1118
1119
2288
1104
1105
1115
1120
2289
1142
1143
2300
1128
1129
1139
1144
2301
2222
1193
1194
2324
1152
1153
1158
1157
1159
2309
2260
2272
2284
2296
1183
1184
1185
1186
1170
1195
2332
1058
1059
2243
1225
1226
979
1060
2227
1938
2259
2186
1076
1077
2267
1073
1078
2268
1100
1101
2279
1097
1102
2280
1124
1125
2291
1121
1126
2292
1148
1149
2303
1145
1150
2304
2224
1196
1197
2325
1161
1160
1162
2311
2263
2275
2287
2299
1187
1188
1189
1190
1169
1198
2317
2308
2333
1199
1200
2326
1172
1201
2334
1082
1083
2270
1227
1228
1233
1234
1079
1084
2271
1106
1107
2282
1103
1108
2283
1130
1131
2294
1127
1132
2295
1154
1155
2306
1151
1156
2307
2226
1202
1203
2327
1164
1163
1165
2313
2266
2278
2290
2302
1191
1192
1171
1204
2319
2310
2335
1205
1206
2328
1174
1207
2336
1257
1258
2348
1229
1230
1235
1236
1241
1242
1218
1259
2364
1208
1209
2329
1167
1166
1168
2315
2269
2281
2293
2305
1173
1210
2321
2312
2337
1211
1212
2330
1176
1213
2338
1818
1260
1261
2349
1231
1232
1237
1238
1243
1244
1249
1250
1262
2365
1269
1270
2352
1220
1271
2368
1214
1215
2331
1175
1216
2323
2314
2339
1820
1263
1264
2350
1239
1240
1245
1246
1251
1252
1265
2366
1272
1273
2353
1274
2369
1281
1282
2356
1222
1283
2372
1266
1267
2351
1313
1314
425
426
1247
1248
1253
1254
1217
1268
2341
2367
1275
1276
2354
1277
2370
1284
1285
2357
1286
2373
1293
1294
2360
1224
1295
2376
2316
1278
1279
2355
1315
1316
1321
1322
427
428
429
430
1255
1256
1219
1280
2343
2371
1287
1288
2358
1289
2374
1296
1297
2361
1298
2377
2318
1345
1346
2388
1317
1318
1323
1324
1329
1330
1306
1347
2404
441
442
1964
431
432
433
434
418
443
1972
1290
1291
2359
1221
1292
2345
2375
1299
1300
2362
1301
2378
2320
1348
1349
2389
1319
1320
1325
1326
1331
1332
1337
1338
1350
2405
1357
1358
2392
1308
1359
2408
444
445
1965
435
436
437
438
417
446
1957
1973
447
448
1966
420
449
1974
1302
1303
2363
1223
1304
2347
2379
2322
1351
1352
2390
1327
1328
1333
1334
1339
1340
1353
2406
1360
1361
2393
1362
2409
1369
1370
2396
1310
1371
2412
450
451
1967
1401
1402
439
440
419
452
1959
1975
453
454
1968
422
455
1976
1354
1355
2391
1335
1336
1341
1342
1305
1356
2381
1956
2407
1363
1364
2394
1365
2410
1372
1373
2397
1374
2413
1381
1382
2400
1312
1383
2416
2340
456
457
1969
1403
1404
1409
1410
421
458
1961
1977
459
460
1970
424
461
1978
1366
1367
2395
1343
1344
1307
1368
2383
1958
2411
1375
1376
2398
1377
2414
1384
1385
2401
1386
2417
2342
1433
1434
2428
1405
1406
1411
1412
1417
1418
1394
1435
2444
462
463
1971
423
464
1963
1979
1378
1379
2399
1309
1380
2385
1960
2415
1387
1388
2402
1389
2418
2344
1436
1437
2429
1407
1408
1413
1414
1419
1420
1425
1426
1438
2445
1445
1446
2432
1396
1447
2448
1390
1391
2403
1311
1392
2387
1962
2419
2346
1439
1440
2430
1415
1416
1421
1422
1427
1428
1441
2446
1448
1449
2433
1450
2449
1457
1458
2436
1398
1459
2452
1442
1443
2431
1489
1490
1423
1424
1429
1430
1393
1444
2421
2447
1451
1452
2434
1453
2450
1460
1461
2437
1462
2453
1469
1470
2440
1400
1471
2456
2380
1454
1455
2435
1491
1492
1497
1498
1431
1432
1395
1456
2423
2451
1463
1464
2438
1465
2454
1472
1473
2441
1474
2457
2382
1521
1522
2468
1493
1494
1499
1500
1505
1506
1482
1523
2484
1466
1467
2439
1397
1468
2425
2455
1475
1476
2442
1477
2458
2384
1524
1525
2469
1495
1496
1501
1502
1507
1508
1513
1514
1526
2485
1533
1534
2472
1484
1535
2488
1478
1479
2443
1399
1480
2427
2459
2386
1527
1528
2470
1503
1504
1509
1510
1515
1516
1529
2486
1536
1537
2473
1538
2489
1545
1546
2476
1486
1547
2492
1530
1531
2471
1577
1578
1511
1512
1517
1518
1481
1532
2461
2487
1539
1540
2474
1541
2490
1548
1549
2477
1550
2493
1557
1558
2480
1488
1559
2496
2420
1542
1543
2475
1579
1580
1585
1586
1519
1520
1483
1544
2463
2491
1551
1552
2478
1553
2494
1560
1561
2481
1562
2497
2422
1609
1610
2508
1581
1582
1587
1588
1593
1594
1570
1611
2524
1554
1555
2479
1485
1556
2465
2495
1563
1564
2482
1565
2498
2424
1612
1613
2509
1583
1584
1589
1590
1595
1596
1601
1602
1614
2525
1621
1622
2512
1572
1623
2528
1566
1567
2483
1487
1568
2467
2499
2426
1615
1616
2510
1591
1592
1597
1598
1603
1604
1617
2526
1624
1625
2513
1626
2529
1633
1634
2516
1574
1635
2532
1618
1619
2511
1665
1666
1673
1674
1681
1682
1689
1690
1599
1600
1605
1606
1569
1620
2501
2527
1627
1628
2514
1629
2530
1636
1637
2517
1638
2533
1645
1646
2520
1576
1647
2536
2460
1630
1631
2515
1667
1668
1675
1676
1683
1684
1691
1692
288
289
292
293
296
297
1607
1608
1571
1632
2503
2531
1639
1640
2518
1641
2534
1648
1649
2521
1650
2537
2462
1697
1698
2548
1669
1670
1677
1678
1685
1686
1693
1694
1658
1699
2564
1709
1710
2552
1660
1711
2568
1721
1722
2556
1662
1723
2572
1733
1734
2560
1664
1735
2576
2500
1642
1643
2519
290
291
294
295
298
299
1573
1644
2505
2535
1651
1652
2522
1653
2538
2464
1700
1701
2549
1671
1672
1679
1680
1687
1688
1695
1696
1702
2565
1712
1713
2553
1714
2569
1724
1725
2557
1726
2573
1736
1737
2561
1738
2577
2502
300
301
1896
283
302
1902
306
307
1898
285
308
1904
312
313
1900
287
314
1906
1878
1654
1655
2523
1575
1656
2507
2539
2466
1703
1704
2550
1705
2566
1715
1716
2554
1717
2570
1727
1728
2558
1729
2574
1739
1740
2562
1741
2578
2504
303
304
1897
282
305
1891
1903
309
310
1899
284
311
1893
1905
315
316
1901
286
317
1895
1907
1880
1706
1707
2551
1657
1708
2541
2567
1718
1719
2555
1659
1720
2543
2571
1730
1731
2559
1661
1732
2545
2575
1742
1743
2563
1663
1744
2547
2579
2506
318
1890
319
1892
320
1894
1745
2540
1746
2542
1747
2544
1748
2546
